3 5 1273 0.000001
3 5 1005 0.000001
3 5 310 0.000001
3 5 1008 0.000001
3 5 970 0.000001
3 5 1202 0.000001
3 5 364 0.000001
3 5 974 0.000001
3 5 1255 0.000001
3 5 983 0.000001
3 5 1276 0.000001
3 5 973 0.000001
3 5 1007 0.000001
3 5 1272 0.000001
3 5 1021 0.000001
3 5 972 0.000001
3 5 1006 0.000001
3 5 1269 0.000001
3 5 1286 0.000001
3 5 981 0.000001
3 5 975 0.000001
3 5 367 0.000001
3 5 982 0.000001
3 5 1267 0.000001
3 5 1275 0.000001
3 5 1274 0.000001
3 5 560 0.000001
3 5 1260 0.000001
3 5 1270 0.000001
3 5 1266 0.000001
3 5 1020 0.000001
3 5 985 0.000001
3 5 1268 0.000001
3 5 987 0.000001
3 5 590 0.000001
3 5 1025 0.000001
3 5 1271 0.000001
3 5 1004 0.000001
3 5 988 0.000001
3 5 1246 0.000001
3 5 986 0.000001
3 5 366 0.000001
3 5 1026 0.000001
3 5 1254 0.000001
3 5 1253 0.000001
3 5 1261 0.000000
3 20 1202 0.406728
3 20 310 0.196643
3 20 970 0.175736
3 20 1007 0.131715
3 20 974 0.222897
3 20 1273 0.141024
3 20 1253 0.128954
3 20 1255 0.128093
3 20 1260 0.059092
3 20 972 0.165470
3 20 1020 0.140902
3 20 982 0.245371
3 20 1276 0.331890
3 20 1270 0.041582
3 20 560 0.393833
3 20 1272 0.666598
3 20 988 0.061556
3 20 983 0.013030
3 20 1004 0.093255
3 20 1254 0.141240
3 20 590 0.203806
3 20 981 0.308953
3 20 1006 0.084788
3 20 1267 0.583531
3 20 1021 0.159672
3 20 1286 0.098050
3 20 1008 0.088526
3 20 973 0.161854
3 20 1268 0.282593
3 20 1261 0.001881
3 20 985 0.040688
3 20 367 0.136391
3 20 986 0.028318
3 20 1246 0.064211
3 20 987 0.039273
3 20 366 0.097064
3 20 1005 0.098430
3 20 1274 0.149694
3 20 1275 0.029587
3 20 1269 0.182948
3 20 975 0.057193
3 20 1271 0.022161
3 20 364 0.106599
3 20 1266 0.058868
3 20 1025 0.021874
3 20 1026 0.030654
3 32 1272 0.673750
3 32 1260 0.060645
3 32 1254 0.143734
3 32 1006 0.085911
3 32 1276 0.343838
3 32 982 0.252694
3 32 1202 0.420309
3 32 972 0.167649
3 32 970 0.181125
3 32 364 0.112217
3 32 310 0.208924
3 32 1008 0.090128
3 32 1021 0.169731
3 32 981 0.315990
3 32 1267 0.605744
3 32 1005 0.102385
3 32 1246 0.064211
3 32 973 0.168505
3 32 560 0.403258
3 32 988 0.063772
3 32 367 0.140184
3 32 1025 0.022802
3 32 1274 0.151161
3 32 1273 0.142210
3 32 1268 0.288479
3 32 366 0.099696
3 32 1004 0.098630
3 32 1253 0.131082
3 32 1020 0.147028
3 32 1026 0.031942
3 32 1255 0.133100
3 32 985 0.042060
3 32 987 0.041878
3 32 1286 0.103212
3 32 1007 0.135039
3 32 986 0.028318
3 32 974 0.228297
3 32 975 0.061334
3 32 1269 0.185988
3 32 1266 0.060806
3 32 590 0.207264
3 32 983 0.013539
3 32 1270 0.043067
3 32 1271 0.024126
3 32 1275 0.029893
3 32 1022 0.000000
3 32 1261 0.001881
3 34 981 0.399186
3 34 1267 0.815626
3 34 367 0.195600
3 34 1202 0.543531
3 34 310 0.302597
3 34 1272 0.740771
3 34 972 0.215197
3 34 1254 0.195483
3 34 590 0.266287
3 34 1255 0.172842
3 34 982 0.356644
3 34 364 0.150087
3 34 970 0.230814
3 34 1270 0.050847
3 34 1253 0.167579
3 34 975 0.084477
3 34 1007 0.163703
3 34 1020 0.213880
3 34 974 0.339896
3 34 1286 0.158766
3 34 1273 0.169632
3 34 1021 0.250419
3 34 1269 0.221526
3 34 560 0.520471
3 34 1268 0.341334
3 34 985 0.056951
3 34 1276 0.508785
3 34 366 0.133867
3 34 1008 0.116877
3 34 1005 0.162733
3 34 1271 0.028277
3 34 1274 0.163713
3 34 1026 0.044205
3 34 1260 0.075234
3 34 973 0.261014
3 34 1266 0.083675
3 34 1006 0.113042
3 34 1004 0.171247
3 34 988 0.102403
3 34 1246 0.081254
3 34 983 0.017799
3 34 1025 0.035607
3 34 987 0.064366
3 34 986 0.040780
3 34 1275 0.034256
3 34 1261 0.002322
3 34 1022 0.000003
3 36 590 0.273879
3 36 1007 0.175004
3 36 975 0.089649
3 36 1267 0.822982
3 36 364 0.154799
3 36 1276 0.508785
3 36 988 0.108777
3 36 973 0.283131
3 36 310 0.320073
3 36 1021 0.265712
3 36 1272 0.752093
3 36 1004 0.187864
3 36 1269 0.226702
3 36 1253 0.167579
3 36 972 0.231024
3 36 560 0.538794
3 36 1006 0.120678
3 36 1020 0.234173
3 36 366 0.139285
3 36 974 0.373543
3 36 981 0.413172
3 36 986 0.042975
3 36 982 0.372408
3 36 987 0.069491
3 36 1286 0.171549
3 36 1254 0.196983
3 36 1008 0.125232
3 36 1275 0.035032
3 36 367 0.205852
3 36 1268 0.344466
3 36 1246 0.081254
3 36 1202 0.557683
3 36 1266 0.084812
3 36 985 0.061110
3 36 1273 0.169632
3 36 1255 0.174067
3 36 1005 0.177812
3 36 970 0.246239
3 36 1270 0.052034
3 36 1260 0.075234
3 36 1274 0.173675
3 36 1026 0.047090
3 36 983 0.018647
3 36 1271 0.029161
3 36 1025 0.038464
3 36 1261 0.002322
3 36 1022 0.000004
3 38 1276 0.539714
3 38 560 0.593077
3 38 1272 0.752093
3 38 986 0.043550
3 38 590 0.309470
3 38 310 0.358634
3 38 983 0.019828
3 38 970 0.246239
3 38 1253 0.167579
3 38 1021 0.266339
3 38 982 0.376718
3 38 1005 0.178973
3 38 981 0.413172
3 38 367 0.247571
3 38 973 0.283131
3 38 1267 0.822982
3 38 1255 0.178562
3 38 1254 0.202586
3 38 988 0.108924
3 38 1202 0.610215
3 38 1286 0.206376
3 38 1269 0.226702
3 38 364 0.180099
3 38 1270 0.052034
3 38 975 0.091432
3 38 1004 0.201718
3 38 972 0.231024
3 38 1008 0.129477
3 38 1007 0.175004
3 38 1025 0.038818
3 38 1006 0.124793
3 38 366 0.158910
3 38 1020 0.236642
3 38 1273 0.169632
3 38 974 0.374367
3 38 1274 0.173675
3 38 1275 0.035032
3 38 1268 0.344466
3 38 1260 0.075234
3 38 987 0.069491
3 38 1266 0.084812
3 38 1271 0.029161
3 38 985 0.061110
3 38 1246 0.081254
3 38 1026 0.047897
3 38 1261 0.002322
3 38 1022 0.000004
3 40 590 0.353268
3 40 560 0.687284
3 40 972 0.231024
3 40 1273 0.169632
3 40 1272 0.752093
3 40 1005 0.185681
3 40 986 0.045491
3 40 310 0.420329
3 40 1254 0.205006
3 40 1255 0.180015
3 40 1268 0.344466
3 40 364 0.217699
3 40 1286 0.255437
3 40 974 0.384290
3 40 1202 0.726118
3 40 1008 0.129477
3 40 1269 0.226702
3 40 982 0.376718
3 40 1267 0.822982
3 40 970 0.246239
3 40 1276 0.561502
3 40 1270 0.052034
3 40 1021 0.267974
3 40 1020 0.241422
3 40 1007 0.175004
3 40 973 0.283131
3 40 1253 0.167579
3 40 975 0.092674
3 40 985 0.061899
3 40 981 0.413172
3 40 1246 0.081254
3 40 1004 0.206027
3 40 367 0.321695
3 40 983 0.020188
3 40 1275 0.035245
3 40 1266 0.084812
3 40 1025 0.038818
3 40 1006 0.127985
3 40 1274 0.173675
3 40 366 0.191446
3 40 988 0.108924
3 40 987 0.069491
3 40 1260 0.075234
3 40 1271 0.030077
3 40 1026 0.047913
3 40 1261 0.002349
3 40 1022 0.000004
3 42 1007 0.184269
3 42 1254 0.205581
3 42 1274 0.173675
3 42 1260 0.075234
3 42 1202 0.768135
3 42 310 0.437859
3 42 982 0.376718
3 42 1272 0.752093
3 42 981 0.413172
3 42 560 0.729271
3 42 1021 0.268394
3 42 972 0.231024
3 42 1266 0.085077
3 42 1267 0.822982
3 42 1255 0.181418
3 42 974 0.390555
3 42 1268 0.344466
3 42 973 0.283131
3 42 1275 0.037880
3 42 1005 0.188055
3 42 1270 0.052233
3 42 1269 0.226702
3 42 1020 0.244558
3 42 970 0.246239
3 42 1286 0.274987
3 42 1004 0.206766
3 42 590 0.372233
3 42 1273 0.169632
3 42 1276 0.567731
3 42 1008 0.130693
3 42 1253 0.167579
3 42 1025 0.038818
3 42 367 0.352006
3 42 364 0.230352
3 42 1271 0.030077
3 42 987 0.069491
3 42 975 0.093170
3 42 1026 0.047913
3 42 1006 0.130008
3 42 983 0.020785
3 42 985 0.063209
3 42 988 0.108924
3 42 366 0.206535
3 42 986 0.045742
3 42 1246 0.081254
3 42 1261 0.002419
3 42 1022 0.000004
3 44 970 0.246239
3 44 1005 0.189534
3 44 1253 0.167579
3 44 1269 0.228954
3 44 982 0.376718
3 44 1202 0.801271
3 44 1267 0.822982
3 44 1266 0.085077
3 44 1255 0.181850
3 44 974 0.392085
3 44 988 0.108924
3 44 1268 0.349918
3 44 986 0.046235
3 44 1020 0.249381
3 44 1272 0.752093
3 44 310 0.452385
3 44 1007 0.189487
3 44 590 0.392992
3 44 972 0.233751
3 44 1276 0.593707
3 44 1286 0.303315
3 44 1273 0.169632
3 44 1021 0.268394
3 44 366 0.227261
3 44 975 0.093170
3 44 1254 0.205581
3 44 560 0.780487
3 44 1270 0.052233
3 44 1261 0.002482
3 44 981 0.413172
3 44 1026 0.048166
3 44 367 0.385657
3 44 1274 0.173675
3 44 987 0.069491
3 44 1008 0.135871
3 44 1004 0.210783
3 44 1246 0.081254
3 44 1260 0.075234
3 44 973 0.283131
3 44 985 0.066872
3 44 364 0.246483
3 44 1006 0.139383
3 44 983 0.020785
3 44 1275 0.039057
3 44 1025 0.038818
3 44 1271 0.030077
3 44 1022 0.000004
3 46 981 0.413172
3 46 983 0.020967
3 46 1269 0.229245
3 46 560 0.810104
3 46 1008 0.144005
3 46 1276 0.625246
3 46 1267 0.822982
3 46 1272 0.752093
3 46 310 0.453542
3 46 1254 0.205581
3 46 982 0.376718
3 46 973 0.283131
3 46 970 0.246239
3 46 987 0.069491
3 46 1005 0.193641
3 46 974 0.392085
3 46 1021 0.268394
3 46 1202 0.817089
3 46 985 0.068772
3 46 972 0.243058
3 46 1273 0.169632
3 46 364 0.253686
3 46 1260 0.075234
3 46 366 0.246952
3 46 1006 0.153819
3 46 367 0.418249
3 46 975 0.093170
3 46 1255 0.181850
3 46 1286 0.315775
3 46 1268 0.358399
3 46 1020 0.258638
3 46 1266 0.085077
3 46 1026 0.048166
3 46 988 0.108924
3 46 1004 0.210783
3 46 1275 0.041658
3 46 1007 0.202474
3 46 1274 0.179692
3 46 1246 0.081254
3 46 1271 0.030077
3 46 986 0.048095
3 46 1253 0.167579
3 46 590 0.398382
3 46 1270 0.053267
3 46 1025 0.038818
3 46 1261 0.002482
3 48 981 0.413172
3 48 560 0.810104
3 48 367 0.425753
3 48 1006 0.158521
3 48 974 0.392085
3 48 1202 0.817089
3 48 1272 0.752093
3 48 1255 0.181850
3 48 973 0.283131
3 48 366 0.246952
3 48 1266 0.085077
3 48 982 0.376718
3 48 1020 0.265309
3 48 590 0.398382
3 48 972 0.246434
3 48 1274 0.194686
3 48 1269 0.229783
3 48 1267 0.822982
3 48 1021 0.268394
3 48 1273 0.169632
3 48 1268 0.361267
3 48 1254 0.205581
3 48 1004 0.210783
3 48 1005 0.193728
3 48 310 0.453542
3 48 1271 0.030077
3 48 970 0.246239
3 48 988 0.108924
3 48 1260 0.075234
3 48 1276 0.631589
3 48 975 0.093170
3 48 1246 0.081254
3 48 1007 0.210982
3 48 1253 0.167579
3 48 1286 0.318327
3 48 986 0.048243
3 48 1008 0.148958
3 48 987 0.069491
3 48 1270 0.054996
3 48 1025 0.038818
3 48 1275 0.044692
3 48 985 0.069447
3 48 1261 0.002482
3 48 364 0.253686
3 48 983 0.020967
3 48 1026 0.048166
3 50 560 0.810104
3 50 1267 0.822982
3 50 364 0.253686
3 50 1020 0.267704
3 50 973 0.283131
3 50 1254 0.205581
3 50 1276 0.631589
3 50 590 0.398382
3 50 1274 0.212214
3 50 1272 0.752093
3 50 1025 0.038818
3 50 310 0.453542
3 50 1006 0.168376
3 50 367 0.425753
3 50 972 0.259787
3 50 1007 0.223863
3 50 1202 0.817089
3 50 1004 0.210783
3 50 986 0.048243
3 50 1255 0.181850
3 50 1268 0.369437
3 50 1260 0.075234
3 50 970 0.246239
3 50 1253 0.167579
3 50 1005 0.193728
3 50 1269 0.229783
3 50 366 0.246952
3 50 981 0.413172
3 50 1273 0.169632
3 50 982 0.376718
3 50 974 0.392085
3 50 1266 0.085077
3 50 1008 0.153444
3 50 1286 0.318327
3 50 1275 0.047952
3 50 987 0.069491
3 50 1246 0.081254
3 50 1026 0.048166
3 50 1021 0.268394
3 50 985 0.069972
3 50 975 0.093170
3 50 988 0.108924
3 50 1270 0.055288
3 50 983 0.020967
3 50 1271 0.030077
3 50 1261 0.002499
3 52 1202 0.817089
3 52 1021 0.268394
3 52 970 0.246239
3 52 1255 0.181850
3 52 310 0.453542
3 52 1286 0.318327
3 52 1276 0.637923
3 52 1020 0.274313
3 52 1267 0.822982
3 52 973 0.283131
3 52 1272 0.752093
3 52 1005 0.193728
3 52 1268 0.369437
3 52 367 0.425753
3 52 590 0.398382
3 52 1269 0.229783
3 52 1006 0.180420
3 52 560 0.810104
3 52 366 0.246952
3 52 1274 0.245430
3 52 1273 0.169632
3 52 972 0.275982
3 52 983 0.020967
3 52 982 0.376718
3 52 364 0.253686
3 52 988 0.108924
3 52 1007 0.237433
3 52 1004 0.210783
3 52 974 0.392085
3 52 1026 0.048166
3 52 1270 0.056268
3 52 1254 0.205581
3 52 981 0.413172
3 52 1008 0.163568
3 52 1260 0.075234
3 52 1266 0.085077
3 52 1253 0.167579
3 52 1275 0.052318
3 52 975 0.093170
3 52 986 0.048243
3 52 987 0.069491
3 52 1246 0.081254
3 52 1025 0.038818
3 52 1271 0.030077
3 52 985 0.070313
3 52 1261 0.002499
3 54 1272 0.757237
3 54 1020 0.276602
3 54 560 0.810104
3 54 1202 0.817089
3 54 1274 0.266945
3 54 590 0.398382
3 54 1005 0.193728
3 54 1267 0.822982
3 54 982 0.376718
3 54 1006 0.188304
3 54 364 0.253686
3 54 1021 0.268394
3 54 1276 0.643561
3 54 972 0.281796
3 54 1268 0.369437
3 54 1254 0.205581
3 54 970 0.246239
3 54 310 0.453542
3 54 366 0.246952
3 54 1008 0.168308
3 54 973 0.283131
3 54 974 0.392085
3 54 986 0.048243
3 54 1273 0.173473
3 54 1269 0.229783
3 54 367 0.425753
3 54 1286 0.318327
3 54 1007 0.237433
3 54 981 0.413172
3 54 1260 0.075234
3 54 1253 0.167579
3 54 1255 0.181850
3 54 1270 0.056268
3 54 1266 0.085077
3 54 1004 0.210783
3 54 1026 0.048166
3 54 1271 0.030077
3 54 975 0.093170
3 54 1246 0.081254
3 54 988 0.108924
3 54 985 0.070313
3 54 987 0.069491
3 54 1025 0.038818
3 54 1275 0.055574
3 54 983 0.020967
3 54 1261 0.002499
3 56 970 0.246239
3 56 1005 0.193728
3 56 1276 0.643561
3 56 1274 0.301468
3 56 590 0.398382
3 56 1272 0.800526
3 56 310 0.453542
3 56 1008 0.168308
3 56 972 0.282376
3 56 981 0.413172
3 56 975 0.093170
3 56 1269 0.229783
3 56 1270 0.057647
3 56 560 0.810104
3 56 1267 0.822982
3 56 982 0.376718
3 56 1286 0.318327
3 56 1255 0.181850
3 56 973 0.283131
3 56 1273 0.181796
3 56 1020 0.276602
3 56 1254 0.205581
3 56 1021 0.268394
3 56 1253 0.167579
3 56 1202 0.817089
3 56 1268 0.369437
3 56 364 0.253686
3 56 974 0.392085
3 56 988 0.108924
3 56 1006 0.188304
3 56 985 0.070313
3 56 366 0.246952
3 56 1026 0.048166
3 56 367 0.425753
3 56 1007 0.238687
3 56 1246 0.081254
3 56 1025 0.038818
3 56 1004 0.210783
3 56 983 0.020967
3 56 1271 0.030077
3 56 1266 0.085077
3 56 987 0.069491
3 56 1260 0.075234
3 56 1275 0.060580
3 56 986 0.048243
3 56 1261 0.002499
3 58 1266 0.085077
3 58 985 0.070313
3 58 982 0.376718
3 58 1273 0.181796
3 58 1268 0.369437
3 58 1276 0.643561
3 58 1267 0.822982
3 58 1255 0.181850
3 58 590 0.398382
3 58 1005 0.193728
3 58 1020 0.276602
3 58 1260 0.075234
3 58 970 0.246239
3 58 974 0.392085
3 58 1253 0.167579
3 58 1021 0.268394
3 58 1272 0.800526
3 58 560 0.810104
3 58 367 0.425753
3 58 364 0.253686
3 58 1274 0.301468
3 58 1254 0.205581
3 58 310 0.453542
3 58 1007 0.238687
3 58 1006 0.188304
3 58 981 0.413172
3 58 1269 0.229783
3 58 1004 0.210783
3 58 1202 0.817089
3 58 973 0.283131
3 58 975 0.093170
3 58 1286 0.318327
3 58 1246 0.081254
3 58 1026 0.048166
3 58 1008 0.168308
3 58 988 0.108924
3 58 972 0.282376
3 58 1275 0.060580
3 58 1025 0.038818
3 58 366 0.246952
3 58 1270 0.057647
3 58 987 0.069491
3 58 983 0.020967
3 58 1271 0.030077
3 58 986 0.048243
3 58 1261 0.002499
3 60 981 0.413172
3 60 367 0.425753
3 60 310 0.453542
3 60 1261 0.002499
3 60 970 0.246239
3 60 1267 0.822982
3 60 366 0.246952
3 60 1276 0.643561
3 60 1266 0.085077
3 60 1253 0.167579
3 60 1007 0.238687
3 60 1021 0.268394
3 60 1272 0.800526
3 60 1269 0.229783
3 60 974 0.392085
3 60 973 0.283131
3 60 1268 0.369437
3 60 590 0.398382
3 60 1005 0.193728
3 60 1286 0.318327
3 60 560 0.810104
3 60 1202 0.817089
3 60 1020 0.276602
3 60 982 0.376718
3 60 1026 0.048166
3 60 1260 0.075234
3 60 1274 0.301468
3 60 1008 0.168308
3 60 972 0.282376
3 60 1270 0.057647
3 60 1006 0.188304
3 60 1273 0.181796
3 60 985 0.070313
3 60 987 0.069491
3 60 1255 0.181850
3 60 1246 0.081254
3 60 986 0.048243
3 60 364 0.253686
3 60 1254 0.205581
3 60 1004 0.210783
3 60 1025 0.038818
3 60 975 0.093170
3 60 1275 0.060580
3 60 983 0.020967
3 60 988 0.108924
3 60 1271 0.030077
3 80 367 0.425753
3 80 560 0.810104
3 80 1286 0.318327
3 80 974 0.392085
3 80 1271 0.030077
3 80 1272 0.800526
3 80 982 0.376718
3 80 1020 0.276602
3 80 1007 0.238687
3 80 1266 0.085077
3 80 1267 0.822982
3 80 1005 0.193728
3 80 1202 0.817089
3 80 981 0.413172
3 80 1273 0.181796
3 80 1008 0.168308
3 80 1006 0.188304
3 80 988 0.108924
3 80 1268 0.369437
3 80 1276 0.643561
3 80 590 0.398382
3 80 1021 0.268394
3 80 310 0.453542
3 80 985 0.070313
3 80 975 0.093170
3 80 970 0.246239
3 80 1253 0.167579
3 80 972 0.282376
3 80 1254 0.205581
3 80 1274 0.301468
3 80 973 0.283131
3 80 1004 0.210783
3 80 366 0.246952
3 80 1269 0.229783
3 80 1255 0.181850
3 80 364 0.253686
3 80 1260 0.075234
3 80 1270 0.057647
3 80 1026 0.048166
3 80 983 0.020967
3 80 1275 0.060580
3 80 1246 0.081254
3 80 986 0.048243
3 80 987 0.069491
3 80 1025 0.038818
3 80 1261 0.002499
