185 149
185 318
185 195
185 352
44 291
44 326
44 323
157 214
157 194
157 466
157 288
157 356
157 359
157 315
157 119
157 222
157 272
157 323
157 363
157 163
157 226
157 368
157 402
157 426
157 234
157 216
157 349
157 232
157 160
157 297
157 233
157 355
157 288
157 349
157 239
157 227
157 135
157 267
157 338
157 266
157 354
157 322
157 494
157 273
157 264
157 326
157 202
157 437
157 434
157 192
157 277
157 399
157 435
157 339
157 379
157 283
157 307
157 108
157 438
157 430
157 262
157 293
157 219
157 375
157 361
157 112
157 315
157 197
157 258
157 437
157 363
157 256
157 294
157 397
157 368
157 306
157 63
157 326
157 243
157 343
157 308
157 257
157 331
157 139
157 314
157 358
157 532
157 394
157 376
157 533
157 130
157 281
157 373
157 356
157 515
157 319
157 131
157 221
157 374
157 508
157 394
157 246
162 227
162 495
185 235
185 224
185 275
185 354
185 224
185 246
185 283
185 372
185 484
185 374
185 303
185 157
185 222
185 279
185 289
185 183
185 271
