242700	3566822	3	243200	3563565.8	4118.28	0	5.27	36995.52	0	133.08	210.01	8.73	57	51.33	5.42	33.25	1	0	0
243000	3566822	3	243500	3563564.6	4121.88	0	5.27	36995.48	0	133.09	210.01	8.73	57	51.33	5.42	33.25	5	0	0
242700	3566690	3	243200	3563433.8	4118.49	0	5.27	36995.44	0	133.08	210.01	8.73	57	51.33	5.42	33.25	7	0	0
242700	3566665	3	243200	3563408.8	4118.53	0	5.27	36995.43	0	133.08	210.01	8.73	57	51.33	5.42	33.25	8	0	0
242700	3566640	3	243200	3563383.8	4106.9	0	5.27	36995.41	0	133.09	210.01	8.73	57	51.33	5.42	33.25	9	0	0
242700	3566615	3	243200	3563358.8	4112.28	0	5.27	36995.4	0	133.08	210	8.73	57	51.33	5.42	33.25	10	0	0
242700	3566590	3	243200	3563333.8	4118.65	0	5.27	36995.38	0	133.08	210.01	8.73	57	51.33	5.42	33.25	11	0	0
242848	3566690	3	243348	3563433.2	4121.28	0	5.27	36995.42	0	133.09	210.01	8.73	57	51.33	5.42	33.25	13	0	0
242848	3566615	3	243348	3563358.2	4122.32	0	5.27	36995.38	0	133.09	210.01	8.73	57	51.33	5.42	33.25	16	0	0
242848	3566565	3	243348	3563308.2	4122.4	0	5.27	36995.35	0	133.09	210.01	8.73	57	51.33	5.42	33.24	18	0	0
242848	3566427	3	243348	3563170.2	4122.62	0	5.27	36995.26	0	133.09	210.01	8.73	57	51.33	5.42	33.24	26	0	0
242311	3564857	3	242811	3561602.2	4122.32	0	5.27	36994.39	0	133.08	210.01	8.73	57	51.35	5.42	33.23	29	0	0
242132	3560525	3	242632	3557270.4	4129.51	0	5.28	36991.8	0	133.09	210.01	8.73	57	51.39	5.42	33.19	31	0	0
242830	3565107	3	243330	3561850.1	4123.69	0	5.28	36994.46	0	133.09	210.01	8.73	57	51.35	5.42	33.23	33	0	0
242648	3566327	3	243148	3563071	4120.79	0	5.27	36995.23	0	133.08	210.01	8.73	57	51.33	5.42	33.24	38	0	0
242648	3566302	3	243148	3563046	4120.83	0	5.27	36995.22	0	133.08	210.01	8.73	57	51.33	5.42	33.24	39	0	0
242648	3566277	3	243148	3563021	4120.87	0	5.27	36995.2	0	133.08	210.01	8.73	57	51.33	5.42	33.24	40	0	0
243048	3566427	3	243548	3563169.4	4122.85	0	5.28	36995.23	0	133.09	210.01	8.73	57	51.33	5.42	33.24	46	0	0
242948	3566427	3	243448	3563169.8	4122.39	0	5.27	36995.25	0	133.09	210.01	8.73	57	51.33	5.42	33.24	55	0	0
242948	3566402	3	243448	3563144.8	4122.35	0	5.27	36995.23	0	133.09	210.01	8.73	57	51.33	5.42	33.24	56	0	0
234410	3590436	3	234910	3587215.2	4061.07	0	5.19	37011.2	0	132.94	210.01	8.82	57	51.07	5.45	33.47	59	0	0
234410	3590386	3	234910	3587165.2	4060.15	0	5.19	37011.17	0	132.94	210.01	8.82	57	51.07	5.45	33.47	63	0	0
241911	3565226	3	242411	3561972.8	4119.6	0	5.27	36994.68	0	133.08	210.01	8.74	57	51.34	5.42	33.24	67	0	0
234435	3590286	3	234935	3587065.1	4056.77	0	5.19	37011.1	0	132.94	210.01	8.82	57	51.08	5.45	33.47	71	0	0
234385	3590286	3	234885	3587065.3	4057.17	0	5.19	37011.11	0	132.94	210.01	8.82	57	51.08	5.45	33.47	72	0	0
242429	3563957	3	242929	3560701.6	4122.37	0	5.27	36993.83	0	133.09	210.01	8.73	57	51.36	5.42	33.22	78	0	0
242379	3563957	3	242879	3560701.8	4122.11	0	5.27	36993.84	0	133.09	210.01	8.73	57	51.36	5.42	33.22	82	0	0
242079	3563957	3	242579	3560703	4125.37	0	5.27	36993.88	0	133.08	210.01	8.74	57	51.36	5.42	33.22	86	0	0
242279	3563832	3	242779	3560577.2	4122.89	0	5.27	36993.78	0	133.09	210.01	8.73	57	51.36	5.42	33.22	93	0	0
242011	3564976	3	242511	3561722.4	4119.53	0	5.27	36994.51	0	133.08	210.01	8.74	57	51.35	5.42	33.23	101	0	0
241961	3564976	3	242461	3561722.6	4121.26	0	5.27	36994.52	0	133.08	210.01	8.74	57	51.35	5.42	33.23	108	0	0
234135	3590336	3	234635	3587116.3	4056.53	0	5.19	37011.18	0	132.94	210.01	8.83	57	51.07	5.45	33.47	115	0	0
242179	3563707	3	242679	3560452.6	4124.44	0	5.27	36993.72	0	133.09	210.01	8.73	57	51.36	5.42	33.22	129	0	0
242129	3563707	3	242629	3560452.8	4125.01	0	5.27	36993.73	0	133.09	210.01	8.73	57	51.36	5.42	33.22	136	0	0
242329	3563707	3	242829	3560452	4123.24	0	5.27	36993.69	0	133.09	210.01	8.73	57	51.36	5.42	33.22	143	0	0
242029	3563982	3	242529	3560728.2	4126.54	0	5.27	36993.91	0	133.08	210.01	8.74	57	51.36	5.42	33.22	146	0	0
242029	3563932	3	242529	3560678.2	4126.12	0	5.27	36993.88	0	133.08	210.01	8.74	57	51.36	5.42	33.22	147	0	0
242061	3565489	3	242561	3562235.2	4121.98	0	5.27	36994.82	0	133.08	210.01	8.74	57	51.34	5.42	33.24	155	0	0
242011	3565489	3	242511	3562235.4	4122.72	0	5.27	36994.82	0	133.08	210.01	8.74	57	51.34	5.42	33.24	159	0	0
241961	3565489	3	242461	3562235.6	4122.45	0	5.27	36994.83	0	133.08	210.01	8.74	57	51.34	5.42	33.24	163	0	0
241911	3565614	3	242411	3562360.8	4122.99	0	5.27	36994.92	0	133.08	210.01	8.74	57	51.34	5.42	33.24	171	0	0
241911	3565564	3	242411	3562310.8	4123.07	0	5.27	36994.89	0	133.08	210.01	8.74	57	51.34	5.42	33.24	172	0	0
241611	3565251	3	242111	3561999	4118.96	0	5.27	36994.74	0	133.07	210.01	8.74	57	51.34	5.42	33.24	190	0	0
242311	3564382	3	242811	3561127.1	4123.07	0	5.27	36994.11	0	133.09	210.01	8.73	57	51.35	5.42	33.23	194	0	0
242261	3564432	3	242761	3561177.3	4123.73	0	5.27	36994.14	0	133.08	210.01	8.73	57	51.35	5.42	33.23	196	0	0
242261	3564382	3	242761	3561127.3	4123.8	0	5.27	36994.11	0	133.08	210.01	8.73	57	51.35	5.42	33.23	197	0	0
242261	3564332	3	242761	3561077.3	4123.88	0	5.27	36994.08	0	133.08	210.01	8.73	57	51.35	5.42	33.23	198	0	0
242111	3564432	3	242611	3561177.9	4124.93	0	5.27	36994.17	0	133.08	210.01	8.74	57	51.35	5.42	33.23	209	0	0
242082	3561100	3	242582	3557845.7	4129.33	0	5.28	36992.15	0	133.09	210.01	8.73	57	51.38	5.42	33.2	212	0	0
242132	3561644	3	242632	3558389.6	4133.51	0	5.28	36992.47	0	133.09	210.01	8.73	57	51.38	5.42	33.2	216	0	0
242032	3562032	3	242532	3558778	4129.55	0	5.27	36992.73	0	133.09	210.01	8.74	57	51.37	5.42	33.21	220	0	0
241982	3561100	3	242482	3557846.1	4128.8	0	5.27	36992.17	0	133.09	210.01	8.74	57	51.38	5.42	33.2	224	0	0
241982	3561050	3	242482	3557796.1	4128.6	0	5.27	36992.14	0	133.09	210.01	8.74	57	51.38	5.42	33.2	225	0	0
242182	3559850	3	242682	3556595.2	4130.57	0	5.28	36991.38	0	133.09	210.01	8.73	57	51.4	5.42	33.19	231	0	0
242400	3559400	3	242900	3556144.3	4133.45	0	5.28	36991.07	0	133.1	210.01	8.73	57	51.4	5.42	33.18	235	0	0
241982	3562032	3	242482	3558778.2	4127.32	0	5.27	36992.73	0	133.09	210.01	8.74	57	51.37	5.42	33.21	239	0	0
242132	3559850	3	242632	3556595.4	4130.3	0	5.28	36991.39	0	133.09	210.01	8.73	57	51.4	5.42	33.19	243	0	0
242132	3559800	3	242632	3556545.4	4130.38	0	5.28	36991.36	0	133.09	210.01	8.73	57	51.4	5.42	33.19	244	0	0
242082	3561444	3	242582	3558189.7	4133.14	0	5.28	36992.36	0	133.09	210.01	8.73	57	51.38	5.42	33.2	254	0	0
242032	3561444	3	242532	3558189.9	4132.34	0	5.27	36992.37	0	133.09	210.01	8.74	57	51.38	5.42	33.2	261	0	0
242032	3560900	3	242532	3557645.9	4128.82	0	5.28	36992.04	0	133.09	210.01	8.74	57	51.39	5.42	33.2	268	0	0
242300	3559200	3	242800	3555944.6	4131.23	0	5.28	36990.97	0	133.1	210.01	8.73	57	51.4	5.41	33.18	282	0	0
242400	3559200	3	242900	3555944.2	4132.77	0	5.28	36990.95	0	133.1	210.01	8.73	57	51.4	5.41	33.18	289	0	0
242232	3559650	3	242732	3556395	4130.95	0	5.28	36991.25	0	133.09	210.01	8.73	57	51.4	5.42	33.19	296	0	0
242250	3559400	3	242750	3556144.9	4130.65	0	5.28	36991.1	0	133.1	210.01	8.73	57	51.4	5.42	33.18	299	0	0
242250	3559350	3	242750	3556094.9	4130.73	0	5.28	36991.07	0	133.1	210.01	8.73	57	51.4	5.42	33.18	300	0	0
242132	3561000	3	242632	3557745.5	4129.48	0	5.28	36992.08	0	133.09	210.01	8.73	57	51.39	5.42	33.2	308	0	0
242132	3561982	3	242632	3558727.6	4131.85	0	5.27	36992.68	0	133.09	210.01	8.73	57	51.38	5.42	33.21	311	0	0
241932	3562032	3	242432	3558778.4	4126.77	0	5.27	36992.74	0	133.09	210.01	8.74	57	51.37	5.42	33.21	324	0	0
241932	3561982	3	242432	3558728.4	4127.09	0	5.27	36992.71	0	133.09	210.01	8.74	57	51.37	5.42	33.21	325	0	0
241882	3560750	3	242382	3557496.5	4127.26	0	5.27	36991.97	0	133.09	210.01	8.74	57	51.39	5.42	33.2	343	0	0
242132	3560050	3	242632	3556795.4	4130.17	0	5.28	36991.51	0	133.09	210.01	8.73	57	51.39	5.42	33.19	347	0	0
242082	3560100	3	242582	3556845.6	4129.64	0	5.28	36991.55	0	133.09	210.01	8.73	57	51.39	5.42	33.19	349	0	0
242082	3560050	3	242582	3556795.6	4129.77	0	5.28	36991.52	0	133.09	210.01	8.73	57	51.39	5.42	33.19	350	0	0
242082	3560000	3	242582	3556745.6	4130.08	0	5.28	36991.49	0	133.09	210.01	8.73	57	51.39	5.42	33.19	351	0	0
241932	3560100	3	242432	3556846.2	4128.84	0	5.28	36991.57	0	133.09	210.01	8.74	57	51.39	5.42	33.19	363	0	0
242630	3565082	3	243130	3561825.9	4123.67	0	5.27	36994.48	0	133.09	210.01	8.73	57	51.35	5.42	33.23	366	0	0
242680	3565082	3	243180	3561825.7	4123.79	0	5.27	36994.47	0	133.09	210.01	8.73	57	51.35	5.42	33.23	370	0	0
242980	3565507	3	243480	3562249.5	4122.86	0	5.28	36994.68	0	133.09	210.01	8.73	57	51.34	5.42	33.24	374	0	0
242730	3565132	3	243230	3561875.5	4124.12	0	5.27	36994.49	0	133.09	210.01	8.73	57	51.35	5.42	33.23	378	0	0
242730	3565082	3	243230	3561825.5	4123.48	0	5.27	36994.46	0	133.09	210.01	8.73	57	51.35	5.42	33.23	379	0	0
243230	3565082	3	243730	3561823.5	4125.87	0	5.28	36994.39	0	133.09	210.01	8.72	57	51.35	5.42	33.23	385	0	0
243280	3565082	3	243780	3561823.3	4126.19	0	5.28	36994.38	0	133.09	210.01	8.72	57	51.35	5.42	33.23	389	0	0
243530	3565082	3	244030	3561822.3	4127.68	0	5.28	36994.34	0	133.1	210.01	8.72	57	51.35	5.42	33.23	393	0	0
243330	3565132	3	243830	3561873.1	4126.9	0	5.28	36994.4	0	133.09	210.01	8.72	57	51.35	5.42	33.23	397	0	0
243330	3565082	3	243830	3561823.1	4126.63	0	5.28	36994.37	0	133.09	210.01	8.72	57	51.35	5.42	33.23	398	0	0
242830	3565307	3	243330	3562050.1	4123.98	0	5.28	36994.59	0	133.09	210.01	8.73	57	51.34	5.42	33.23	408	0	0
242880	3565307	3	243380	3562049.9	4122.64	0	5.28	36994.58	0	133.09	210.01	8.73	57	51.34	5.42	33.23	415	0	0
242930	3565307	3	243430	3562049.7	4122.91	0	5.28	36994.57	0	133.09	210.01	8.73	57	51.34	5.42	33.23	422	0	0
243380	3564882	3	243880	3561622.9	4127.99	0	5.28	36994.24	0	133.1	210.01	8.72	57	51.35	5.42	33.23	436	0	0
243430	3564882	3	243930	3561622.7	4128.26	0	5.28	36994.23	0	133.1	210.01	8.72	57	51.35	5.42	33.23	443	0	0
243480	3564882	3	243980	3561622.5	4128.33	0	5.28	36994.23	0	133.1	210.01	8.72	57	51.35	5.42	33.23	450	0	0
243580	3565132	3	244080	3561872.1	4128.66	0	5.28	36994.36	0	133.1	210.01	8.72	57	51.35	5.42	33.23	453	0	0
243580	3565082	3	244080	3561822.1	4128.74	0	5.28	36994.33	0	133.1	210.01	8.72	57	51.35	5.42	33.23	454	0	0
242580	3565482	3	243080	3562226.2	4123.16	0	5.27	36994.73	0	133.09	210.01	8.73	57	51.34	5.42	33.24	462	0	0
242630	3565482	3	243130	3562226	4124.89	0	5.27	36994.72	0	133.09	210.01	8.73	57	51.34	5.42	33.24	466	0	0
242680	3565482	3	243180	3562225.8	4124.52	0	5.27	36994.71	0	133.09	210.01	8.73	57	51.34	5.42	33.24	470	0	0
242730	3565582	3	243230	3562325.6	4123.98	0	5.27	36994.77	0	133.09	210.01	8.73	57	51.34	5.42	33.24	478	0	0
242730	3565532	3	243230	3562275.6	4124.49	0	5.27	36994.74	0	133.09	210.01	8.73	57	51.34	5.42	33.24	479	0	0
242780	3564882	3	243280	3561625.3	4123.78	0	5.28	36994.34	0	133.09	210.01	8.73	57	51.35	5.42	33.23	497	0	0
242980	3565082	3	243480	3561824.5	4123.53	0	5.28	36994.43	0	133.09	210.01	8.73	57	51.35	5.42	33.23	501	0	0
242980	3564832	3	243480	3561574.5	4124.93	0	5.28	36994.27	0	133.09	210.01	8.73	57	51.35	5.42	33.23	503	0	0
242980	3564782	3	243480	3561524.5	4125.01	0	5.28	36994.24	0	133.09	210.01	8.73	57	51.35	5.42	33.23	504	0	0
242980	3564732	3	243480	3561474.5	4125.81	0	5.28	36994.21	0	133.09	210.01	8.73	57	51.35	5.42	33.23	505	0	0
243030	3565082	3	243530	3561824.3	4123.8	0	5.28	36994.42	0	133.09	210.01	8.73	57	51.35	5.42	33.23	517	0	0
243565	3567020	3	244065	3563760.4	4125.59	0	5.28	36995.51	0	133.09	210.01	8.72	57	51.33	5.42	33.25	636	0	0
243565	3566995	3	244065	3563735.3	4125.63	0	5.28	36995.49	0	133.09	210.01	8.72	57	51.33	5.42	33.25	637	0	0
242111	3564882	3	242611	3561628	4120.49	0	5.27	36994.44	0	133.08	210.01	8.74	57	51.35	5.42	33.23	668	0	0
242011	3564882	3	242511	3561628.4	4119.96	0	5.27	36994.46	0	133.08	210.01	8.74	57	51.35	5.42	33.23	675	0	0
241961	3564882	3	242461	3561628.6	4119.69	0	5.27	36994.46	0	133.08	210.01	8.74	57	51.35	5.42	33.23	682	0	0
241932	3560550	3	242432	3557296.2	4127.17	0	5.28	36991.84	0	133.09	210.01	8.74	57	51.39	5.42	33.19	703	0	0
241832	3560550	3	242332	3557296.6	4126.59	0	5.27	36991.86	0	133.09	210.01	8.74	57	51.39	5.42	33.19	710	0	0
241782	3560550	3	242282	3557296.9	4126.32	0	5.27	36991.87	0	133.09	210.01	8.74	57	51.39	5.42	33.19	717	0	0
242930	3564932	3	243430	3561674.7	4123.51	0	5.28	36994.34	0	133.09	210.01	8.73	57	51.35	5.42	33.23	738	0	0
242930	3564732	3	243430	3561474.7	4124.97	0	5.28	36994.22	0	133.09	210.01	8.73	57	51.35	5.42	33.23	745	0	0
242930	3565132	3	243430	3561874.7	4123.19	0	5.28	36994.46	0	133.09	210.01	8.73	57	51.35	5.42	33.23	752	0	0
232675	3587805	3	233175	3584590.8	4035.72	0	5.18	37009.87	0	132.93	210.01	8.84	57	51.1	5.45	33.45	755	0	0
232675	3587755	3	233175	3584540.8	4035.8	0	5.18	37009.84	0	132.93	210.01	8.84	57	51.1	5.45	33.45	756	0	0
241911	3564882	3	242411	3561628.8	4119.43	0	5.27	36994.47	0	133.08	210.01	8.74	57	51.35	5.42	33.23	799	0	0
233184	3590253	3	233684	3587037	4059	0	5.18	37011.28	0	132.93	210.01	8.84	57	51.07	5.45	33.47	809	0	0
233134	3590253	3	233634	3587037.2	4057.42	0	5.18	37011.29	0	132.93	210.01	8.84	57	51.07	5.45	33.47	810	0	0
233330	3589400	3	233830	3586183.4	4041.17	0	5.18	37010.74	0	132.93	210.01	8.84	57	51.08	5.45	33.47	833	0	0
233280	3589400	3	233780	3586183.6	4041.31	0	5.18	37010.75	0	132.93	210.01	8.84	57	51.08	5.45	33.47	834	0	0
233230	3589400	3	233730	3586183.7	4041.12	0	5.18	37010.75	0	132.93	210.01	8.84	57	51.08	5.45	33.47	835	0	0
233330	3588900	3	233830	3585683.3	4041.21	0	5.18	37010.43	0	132.93	210.01	8.84	57	51.09	5.45	33.46	849	0	0
233280	3588900	3	233780	3585683.5	4041.15	0	5.18	37010.44	0	132.93	210.01	8.84	57	51.09	5.45	33.46	850	0	0
233230	3588900	3	233730	3585683.7	4040.9	0	5.18	37010.45	0	132.93	210.01	8.84	57	51.09	5.45	33.46	851	0	0
233180	3588900	3	233680	3585683.9	4040.64	0	5.18	37010.46	0	132.93	210.01	8.84	57	51.09	5.45	33.46	852	0	0
242700	3566822	3	243200	3563565.8	4118.28	0	5.27	36995.52	0	133.08	210.01	8.73	57	51.33	5.42	33.25	1	0	200
243000	3566822	3	243500	3563564.6	4121.88	0	5.27	36995.48	0	133.09	210.01	8.73	57	51.33	5.42	33.25	5	0	200
242700	3566690	3	243200	3563433.8	4118.49	0	5.27	36995.44	0	133.08	210.01	8.73	57	51.33	5.42	33.25	7	0	200
242700	3566665	3	243200	3563408.8	4118.53	0	5.27	36995.43	0	133.08	210.01	8.73	57	51.33	5.42	33.25	8	0	200
242700	3566640	3	243200	3563383.8	4106.9	0	5.27	36995.41	0	133.09	210.01	8.73	57	51.33	5.42	33.25	9	0	200
242700	3566615	3	243200	3563358.8	4112.28	0	5.27	36995.4	0	133.08	210	8.73	57	51.33	5.42	33.25	10	0	200
242700	3566590	3	243200	3563333.8	4118.65	0	5.27	36995.38	0	133.08	210.01	8.73	57	51.33	5.42	33.25	11	0	200
242848	3566690	3	243348	3563433.2	4121.28	0	5.27	36995.42	0	133.09	210.01	8.73	57	51.33	5.42	33.25	13	0	200
242848	3566615	3	243348	3563358.2	4122.32	0	5.27	36995.38	0	133.09	210.01	8.73	57	51.33	5.42	33.25	16	0	200
242848	3566565	3	243348	3563308.2	4122.4	0	5.27	36995.35	0	133.09	210.01	8.73	57	51.33	5.42	33.24	18	0	200
242848	3566427	3	243348	3563170.2	4122.62	0	5.27	36995.26	0	133.09	210.01	8.73	57	51.33	5.42	33.24	26	0	200
239436	3574696	3	239936	3571453.7	4087.9	0	5.24	37000.82	0	133.03	210.01	8.77	57	51.24	5.43	33.32	29	0	200
242132	3560525	3	242632	3557270.4	4129.51	0	5.28	36991.8	0	133.09	210.01	8.73	57	51.39	5.42	33.19	31	0	200
238807	3600726	3	239307	3597488.9	4053.26	0	5.2	37016.79	0	132.97	210.01	8.78	57	50.98	5.46	33.55	33	0	200
242648	3566327	3	243148	3563071	4120.79	0	5.27	36995.23	0	133.08	210.01	8.73	57	51.33	5.42	33.24	38	0	200
242648	3566302	3	243148	3563046	4120.83	0	5.27	36995.22	0	133.08	210.01	8.73	57	51.33	5.42	33.24	39	0	200
242648	3566277	3	243148	3563021	4120.87	0	5.27	36995.2	0	133.08	210.01	8.73	57	51.33	5.42	33.24	40	0	200
243048	3566427	3	243548	3563169.4	4122.85	0	5.28	36995.23	0	133.09	210.01	8.73	57	51.33	5.42	33.24	46	0	200
242948	3566427	3	243448	3563169.8	4122.39	0	5.27	36995.25	0	133.09	210.01	8.73	57	51.33	5.42	33.24	55	0	200
242948	3566402	3	243448	3563144.8	4122.35	0	5.27	36995.23	0	133.09	210.01	8.73	57	51.33	5.42	33.24	56	0	200
234410	3590436	3	234910	3587215.2	4061.07	0	5.19	37011.2	0	132.94	210.01	8.82	57	51.07	5.45	33.47	59	0	200
234410	3590386	3	234910	3587165.2	4060.15	0	5.19	37011.17	0	132.94	210.01	8.82	57	51.07	5.45	33.47	63	0	200
235857	3580651	3	236357	3577423.5	4064.4	0	5.21	37005.01	0	132.98	210.01	8.81	57	51.17	5.44	33.38	67	0	200
234435	3590286	3	234935	3587065.1	4056.77	0	5.19	37011.1	0	132.94	210.01	8.82	57	51.08	5.45	33.47	71	0	200
234385	3590286	3	234885	3587065.3	4057.17	0	5.19	37011.11	0	132.94	210.01	8.82	57	51.08	5.45	33.47	72	0	200
242429	3563957	3	242929	3560701.6	4122.37	0	5.27	36993.83	0	133.09	210.01	8.73	57	51.36	5.42	33.22	78	0	200
242379	3563957	3	242879	3560701.8	4122.11	0	5.27	36993.84	0	133.09	210.01	8.73	57	51.36	5.42	33.22	82	0	200
242079	3563957	3	242579	3560703	4125.37	0	5.27	36993.88	0	133.08	210.01	8.74	57	51.36	5.42	33.22	86	0	200
242279	3563832	3	242779	3560577.2	4122.89	0	5.27	36993.78	0	133.09	210.01	8.73	57	51.36	5.42	33.22	93	0	200
234692	3581870	3	235192	3578647.2	4055.42	0	5.2	37005.93	0	132.96	210.01	8.82	57	51.16	5.44	33.4	101	0	200
235761	3581302	3	236261	3578074.9	4062.88	0	5.21	37005.42	0	132.98	210.01	8.81	57	51.17	5.44	33.39	108	0	200
234135	3590336	3	234635	3587116.3	4056.53	0	5.19	37011.18	0	132.94	210.01	8.83	57	51.07	5.45	33.47	115	0	200
242179	3563707	3	242679	3560452.6	4124.44	0	5.27	36993.72	0	133.09	210.01	8.73	57	51.36	5.42	33.22	129	0	200
242129	3563707	3	242629	3560452.8	4125.01	0	5.27	36993.73	0	133.09	210.01	8.73	57	51.36	5.42	33.22	136	0	200
242329	3563707	3	242829	3560452	4123.24	0	5.27	36993.69	0	133.09	210.01	8.73	57	51.36	5.42	33.22	143	0	200
242029	3563982	3	242529	3560728.2	4126.54	0	5.27	36993.91	0	133.08	210.01	8.74	57	51.36	5.42	33.22	146	0	200
242029	3563932	3	242529	3560678.2	4126.12	0	5.27	36993.88	0	133.08	210.01	8.74	57	51.36	5.42	33.22	147	0	200
234069	3585672	3	234569	3582452.1	4050.26	0	5.19	37008.35	0	132.95	210.01	8.83	57	51.12	5.45	33.43	155	0	200
234188	3585243	3	234688	3582022.5	4051.07	0	5.19	37008.07	0	132.95	210.01	8.83	57	51.12	5.45	33.43	159	0	200
234188	3584785	3	234688	3581564.5	4050.97	0	5.19	37007.79	0	132.95	210.01	8.83	57	51.13	5.45	33.42	163	0	200
234099	3584300	3	234599	3581079.8	4051.55	0	5.19	37007.51	0	132.95	210.01	8.83	57	51.13	5.45	33.42	171	0	200
234099	3584300	3	234599	3581079.8	4051.55	0	5.19	37007.51	0	132.95	210.01	8.83	57	51.13	5.45	33.42	172	0	200
238695	3576439	3	239195	3573199.8	4081.44	0	5.23	37002	0	133.02	210.01	8.77	57	51.22	5.44	33.34	190	0	200
242311	3564432	3	242811	3561177.1	4123.36	0	5.27	36994.14	0	133.08	210.01	8.73	57	51.35	5.42	33.23	194	0	200
242261	3564482	3	242761	3561227.3	4123.65	0	5.27	36994.17	0	133.08	210.01	8.73	57	51.35	5.42	33.23	196	0	200
242261	3564432	3	242761	3561177.3	4123.73	0	5.27	36994.14	0	133.08	210.01	8.73	57	51.35	5.42	33.23	197	0	200
242261	3564382	3	242761	3561127.3	4123.8	0	5.27	36994.11	0	133.08	210.01	8.73	57	51.35	5.42	33.23	198	0	200
242111	3564482	3	242611	3561227.9	4124.73	0	5.27	36994.2	0	133.08	210.01	8.74	57	51.35	5.42	33.23	209	0	200
242082	3561100	3	242582	3557845.7	4129.33	0	5.28	36992.15	0	133.09	210.01	8.73	57	51.38	5.42	33.2	212	0	200
242132	3561644	3	242632	3558389.6	4133.51	0	5.28	36992.47	0	133.09	210.01	8.73	57	51.38	5.42	33.2	216	0	200
242032	3562032	3	242532	3558778	4129.55	0	5.27	36992.73	0	133.09	210.01	8.74	57	51.37	5.42	33.21	220	0	200
241982	3561100	3	242482	3557846.1	4128.8	0	5.27	36992.17	0	133.09	210.01	8.74	57	51.38	5.42	33.2	224	0	200
241982	3561050	3	242482	3557796.1	4128.6	0	5.27	36992.14	0	133.09	210.01	8.74	57	51.38	5.42	33.2	225	0	200
242182	3559850	3	242682	3556595.2	4130.57	0	5.28	36991.38	0	133.09	210.01	8.73	57	51.4	5.42	33.19	231	0	200
242400	3559400	3	242900	3556144.3	4133.45	0	5.28	36991.07	0	133.1	210.01	8.73	57	51.4	5.42	33.18	235	0	200
241982	3562032	3	242482	3558778.2	4127.32	0	5.27	36992.73	0	133.09	210.01	8.74	57	51.37	5.42	33.21	239	0	200
242132	3559850	3	242632	3556595.4	4130.3	0	5.28	36991.39	0	133.09	210.01	8.73	57	51.4	5.42	33.19	243	0	200
242132	3559800	3	242632	3556545.4	4130.38	0	5.28	36991.36	0	133.09	210.01	8.73	57	51.4	5.42	33.19	244	0	200
242082	3561444	3	242582	3558189.7	4133.14	0	5.28	36992.36	0	133.09	210.01	8.73	57	51.38	5.42	33.2	254	0	200
242032	3561444	3	242532	3558189.9	4132.34	0	5.27	36992.37	0	133.09	210.01	8.74	57	51.38	5.42	33.2	261	0	200
242032	3560900	3	242532	3557645.9	4128.82	0	5.28	36992.04	0	133.09	210.01	8.74	57	51.39	5.42	33.2	268	0	200
242300	3559200	3	242800	3555944.6	4131.23	0	5.28	36990.97	0	133.1	210.01	8.73	57	51.4	5.41	33.18	282	0	200
242400	3559200	3	242900	3555944.2	4132.77	0	5.28	36990.95	0	133.1	210.01	8.73	57	51.4	5.41	33.18	289	0	200
242232	3559650	3	242732	3556395	4130.95	0	5.28	36991.25	0	133.09	210.01	8.73	57	51.4	5.42	33.19	296	0	200
242250	3559400	3	242750	3556144.9	4130.65	0	5.28	36991.1	0	133.1	210.01	8.73	57	51.4	5.42	33.18	299	0	200
242250	3559350	3	242750	3556094.9	4130.73	0	5.28	36991.07	0	133.1	210.01	8.73	57	51.4	5.42	33.18	300	0	200
242132	3561000	3	242632	3557745.5	4129.48	0	5.28	36992.08	0	133.09	210.01	8.73	57	51.39	5.42	33.2	308	0	200
242132	3561982	3	242632	3558727.6	4131.85	0	5.27	36992.68	0	133.09	210.01	8.73	57	51.38	5.42	33.21	311	0	200
241932	3562032	3	242432	3558778.4	4126.77	0	5.27	36992.74	0	133.09	210.01	8.74	57	51.37	5.42	33.21	324	0	200
241932	3561982	3	242432	3558728.4	4127.09	0	5.27	36992.71	0	133.09	210.01	8.74	57	51.37	5.42	33.21	325	0	200
241882	3560750	3	242382	3557496.5	4127.26	0	5.27	36991.97	0	133.09	210.01	8.74	57	51.39	5.42	33.2	343	0	200
242132	3560050	3	242632	3556795.4	4130.17	0	5.28	36991.51	0	133.09	210.01	8.73	57	51.39	5.42	33.19	347	0	200
242082	3560100	3	242582	3556845.6	4129.64	0	5.28	36991.55	0	133.09	210.01	8.73	57	51.39	5.42	33.19	349	0	200
242082	3560050	3	242582	3556795.6	4129.77	0	5.28	36991.52	0	133.09	210.01	8.73	57	51.39	5.42	33.19	350	0	200
242082	3560000	3	242582	3556745.6	4130.08	0	5.28	36991.49	0	133.09	210.01	8.73	57	51.39	5.42	33.19	351	0	200
241932	3560100	3	242432	3556846.2	4128.84	0	5.28	36991.57	0	133.09	210.01	8.74	57	51.39	5.42	33.19	363	0	200
239250	3602062	3	239750	3598823.2	4064.86	0	5.2	37017.53	0	132.97	210.01	8.78	57	50.97	5.47	33.56	366	0	200
239265	3601531	3	239765	3598292.1	4056.29	0	5.2	37017.21	0	132.97	210.01	8.78	57	50.98	5.47	33.56	370	0	200
238884	3602074	3	239384	3598836.7	4057.96	0	5.2	37017.6	0	132.97	210.01	8.78	57	50.97	5.47	33.56	374	0	200
238876	3601819	3	239376	3598581.7	4051.51	0	5.2	37017.45	0	132.97	210.01	8.78	57	50.97	5.47	33.56	378	0	200
238851	3601816	3	239351	3598578.8	4051.23	0	5.2	37017.45	0	132.97	210.01	8.78	57	50.97	5.47	33.56	379	0	200
238643	3600614	3	239143	3597377.5	4057.79	0	5.2	37016.75	0	132.97	210.01	8.78	57	50.98	5.46	33.55	385	0	200
238647	3600402	3	239147	3597165.5	4059.09	0	5.2	37016.61	0	132.97	210.01	8.78	57	50.99	5.46	33.55	389	0	200
236846	3599306	3	237346	3596076.5	4068.31	0	5.19	37016.23	0	132.95	210.01	8.8	57	50.99	5.46	33.54	393	0	200
238406	3600600	3	238906	3597364.5	4054.65	0	5.2	37016.77	0	132.97	210.01	8.78	57	50.98	5.46	33.55	397	0	200
238387	3600616	3	238887	3597380.5	4054.42	0	5.2	37016.79	0	132.97	210.01	8.78	57	50.98	5.46	33.55	398	0	200
242830	3565307	3	243330	3562050.1	4123.98	0	5.28	36994.59	0	133.09	210.01	8.73	57	51.34	5.42	33.23	408	0	200
239644	3602382	3	240144	3599141.7	4065.34	0	5.21	37017.67	0	132.97	210.01	8.77	57	50.97	5.47	33.56	415	0	200
239316	3602308	3	239816	3599069	4068.9	0	5.2	37017.67	0	132.97	210.01	8.78	57	50.97	5.47	33.56	422	0	200
237291	3600629	3	237791	3597397.9	4040.79	0	5.19	37016.97	0	132.95	210.01	8.8	57	50.98	5.46	33.55	436	0	200
236725	3600364	3	237225	3597135.1	4055.25	0	5.19	37016.9	0	132.95	210.01	8.8	57	50.98	5.46	33.55	443	0	200
236937	3599955	3	237437	3596725.2	4061.03	0	5.19	37016.61	0	132.95	210.01	8.8	57	50.99	5.46	33.55	450	0	200
236846	3599306	3	237346	3596076.5	4068.31	0	5.19	37016.23	0	132.95	210.01	8.8	57	50.99	5.46	33.54	453	0	200
236846	3599306	3	237346	3596076.5	4068.31	0	5.19	37016.23	0	132.95	210.01	8.8	57	50.99	5.46	33.54	454	0	200
238351	3600281	3	238851	3597045.6	4050.99	0	5.2	37016.59	0	132.96	210.01	8.79	57	50.99	5.46	33.55	462	0	200
238706	3600375	3	239206	3597138.2	4059.56	0	5.2	37016.59	0	132.97	210.01	8.78	57	50.99	5.46	33.55	466	0	200
246217	3598623	3	246717	3595355.9	4094.91	0	5.25	37014.34	0	133.06	210.01	8.7	57	51.02	5.46	33.52	470	0	200
238956	3600268	3	239456	3597030.2	4061.83	0	5.2	37016.48	0	132.97	210.01	8.78	57	50.99	5.46	33.55	478	0	200
238923	3600305	3	239423	3597067.4	4061.81	0	5.2	37016.51	0	132.97	210.01	8.78	57	50.99	5.46	33.55	479	0	200
238457	3579183	3	238957	3575945	4076.33	0	5.23	37003.7	0	133.01	210.01	8.78	57	51.2	5.44	33.36	497	0	200
239417	3600859	3	239917	3597619.5	4058.21	0	5.21	37016.77	0	132.98	210.01	8.77	57	50.98	5.46	33.55	501	0	200
239227	3600637	3	239727	3597398.2	4059.43	0	5.21	37016.67	0	132.97	210.01	8.78	57	50.99	5.46	33.55	503	0	200
239207	3600651	3	239707	3597412.3	4059.75	0	5.21	37016.68	0	132.97	210.01	8.78	57	50.99	5.46	33.55	504	0	200
239187	3600666	3	239687	3597427.3	4059.1	0	5.21	37016.69	0	132.97	210.01	8.78	57	50.99	5.46	33.55	505	0	200
239606	3601062	3	240106	3597821.7	4066.44	0	5.21	37016.87	0	132.98	210.01	8.77	57	50.98	5.46	33.55	517	0	200
243565	3567020	3	244065	3563760.4	4125.59	0	5.28	36995.51	0	133.09	210.01	8.72	57	51.33	5.42	33.25	636	0	200
243565	3566995	3	244065	3563735.3	4125.63	0	5.28	36995.49	0	133.09	210.01	8.72	57	51.33	5.42	33.25	637	0	200
240508	3571475	3	241008	3568228.1	4101.15	0	5.25	36998.69	0	133.05	210.01	8.75	57	51.28	5.43	33.29	668	0	200
241318	3568840	3	241818	3565589.6	4108.73	0	5.26	36996.97	0	133.06	210.01	8.74	57	51.31	5.43	33.27	675	0	200
241798	3567337	3	242298	3564084.5	4116.66	0	5.27	36995.98	0	133.07	210.01	8.74	57	51.32	5.42	33.25	682	0	200
241932	3560550	3	242432	3557296.2	4127.17	0	5.28	36991.84	0	133.09	210.01	8.74	57	51.39	5.42	33.19	703	0	200
241832	3560550	3	242332	3557296.6	4126.59	0	5.27	36991.86	0	133.09	210.01	8.74	57	51.39	5.42	33.19	710	0	200
241782	3560550	3	242282	3557296.9	4126.32	0	5.27	36991.87	0	133.09	210.01	8.74	57	51.39	5.42	33.19	717	0	200
237804	3600695	3	238304	3597461.9	4048.52	0	5.2	37016.93	0	132.96	210.01	8.79	57	50.98	5.46	33.55	738	0	200
242930	3564732	3	243430	3561474.7	4124.97	0	5.28	36994.22	0	133.09	210.01	8.73	57	51.35	5.42	33.23	745	0	200
237963	3601414	3	238463	3598180.3	4053.07	0	5.2	37017.34	0	132.96	210.01	8.79	57	50.97	5.47	33.56	752	0	200
232675	3587805	3	233175	3584590.8	4035.72	0	5.18	37009.87	0	132.93	210.01	8.84	57	51.1	5.45	33.45	755	0	200
232675	3587755	3	233175	3584540.8	4035.8	0	5.18	37009.84	0	132.93	210.01	8.84	57	51.1	5.45	33.45	756	0	200
242171	3566080	3	242671	3562825.9	4120.64	0	5.27	36995.16	0	133.08	210.01	8.74	57	51.33	5.42	33.24	799	0	200
233184	3590253	3	233684	3587037	4059	0	5.18	37011.28	0	132.93	210.01	8.84	57	51.07	5.45	33.47	809	0	200
233134	3590253	3	233634	3587037.2	4057.42	0	5.18	37011.29	0	132.93	210.01	8.84	57	51.07	5.45	33.47	810	0	200
233330	3589400	3	233830	3586183.4	4041.17	0	5.18	37010.74	0	132.93	210.01	8.84	57	51.08	5.45	33.47	833	0	200
233280	3589400	3	233780	3586183.6	4041.31	0	5.18	37010.75	0	132.93	210.01	8.84	57	51.08	5.45	33.47	834	0	200
233230	3589400	3	233730	3586183.7	4041.12	0	5.18	37010.75	0	132.93	210.01	8.84	57	51.08	5.45	33.47	835	0	200
233330	3588900	3	233830	3585683.3	4041.21	0	5.18	37010.43	0	132.93	210.01	8.84	57	51.09	5.45	33.46	849	0	200
233280	3588900	3	233780	3585683.5	4041.15	0	5.18	37010.44	0	132.93	210.01	8.84	57	51.09	5.45	33.46	850	0	200
233230	3588900	3	233730	3585683.7	4040.9	0	5.18	37010.45	0	132.93	210.01	8.84	57	51.09	5.45	33.46	851	0	200
233180	3588900	3	233680	3585683.9	4040.64	0	5.18	37010.46	0	132.93	210.01	8.84	57	51.09	5.45	33.46	852	0	200
242700	3566822	3	243200	3563565.8	4118.28	0	5.27	36995.52	0	133.08	210.01	8.73	57	51.33	5.42	33.25	1	0	400
243000	3566822	3	243500	3563564.6	4121.88	0	5.27	36995.48	0	133.09	210.01	8.73	57	51.33	5.42	33.25	5	0	400
242700	3566690	3	243200	3563433.8	4118.49	0	5.27	36995.44	0	133.08	210.01	8.73	57	51.33	5.42	33.25	7	0	400
242700	3566665	3	243200	3563408.8	4118.53	0	5.27	36995.43	0	133.08	210.01	8.73	57	51.33	5.42	33.25	8	0	400
242700	3566640	3	243200	3563383.8	4106.9	0	5.27	36995.41	0	133.09	210.01	8.73	57	51.33	5.42	33.25	9	0	400
242700	3566615	3	243200	3563358.8	4112.28	0	5.27	36995.4	0	133.08	210	8.73	57	51.33	5.42	33.25	10	0	400
242700	3566590	3	243200	3563333.8	4118.65	0	5.27	36995.38	0	133.08	210.01	8.73	57	51.33	5.42	33.25	11	0	400
242848	3566690	3	243348	3563433.2	4121.28	0	5.27	36995.42	0	133.09	210.01	8.73	57	51.33	5.42	33.25	13	0	400
242848	3566615	3	243348	3563358.2	4122.32	0	5.27	36995.38	0	133.09	210.01	8.73	57	51.33	5.42	33.25	16	0	400
242848	3566565	3	243348	3563308.2	4122.4	0	5.27	36995.35	0	133.09	210.01	8.73	57	51.33	5.42	33.24	18	0	400
242848	3566427	3	243348	3563170.2	4122.62	0	5.27	36995.26	0	133.09	210.01	8.73	57	51.33	5.42	33.24	26	0	400
235742	3589806	3	236242	3586579.9	4056.21	0	5.2	37010.6	0	132.96	210.01	8.81	57	51.08	5.45	33.46	29	0	400
235664	3591864	3	236164	3588638.4	4084.14	0	5.19	37011.87	0	132.95	210.01	8.81	57	51.06	5.46	33.48	31	0	400
238807	3600726	3	239307	3597488.9	4053.26	0	5.2	37016.79	0	132.97	210.01	8.78	57	50.98	5.46	33.55	33	0	400
242648	3566327	3	243148	3563071	4120.79	0	5.27	36995.23	0	133.08	210.01	8.73	57	51.33	5.42	33.24	38	0	400
242648	3566302	3	243148	3563046	4120.83	0	5.27	36995.22	0	133.08	210.01	8.73	57	51.33	5.42	33.24	39	0	400
242648	3566277	3	243148	3563021	4120.87	0	5.27	36995.2	0	133.08	210.01	8.73	57	51.33	5.42	33.24	40	0	400
243048	3566427	3	243548	3563169.4	4122.85	0	5.28	36995.23	0	133.09	210.01	8.73	57	51.33	5.42	33.24	46	0	400
242948	3566427	3	243448	3563169.8	4122.39	0	5.27	36995.25	0	133.09	210.01	8.73	57	51.33	5.42	33.24	55	0	400
242948	3566402	3	243448	3563144.8	4122.35	0	5.27	36995.23	0	133.09	210.01	8.73	57	51.33	5.42	33.24	56	0	400
234410	3590436	3	234910	3587215.2	4061.07	0	5.19	37011.2	0	132.94	210.01	8.82	57	51.07	5.45	33.47	59	0	400
234485	3590286	3	234985	3587064.9	4056.91	0	5.19	37011.1	0	132.94	210.01	8.82	57	51.08	5.45	33.47	63	0	400
236537	3586095	3	237037	3582865.4	4058.46	0	5.21	37008.22	0	132.97	210.01	8.8	57	51.12	5.45	33.43	67	0	400
234485	3590286	3	234985	3587064.9	4056.91	0	5.19	37011.1	0	132.94	210.01	8.82	57	51.08	5.45	33.47	71	0	400
234460	3590286	3	234960	3587065	4056.56	0	5.19	37011.1	0	132.94	210.01	8.82	57	51.08	5.45	33.47	72	0	400
238285	3585420	3	238785	3582183.4	4067.66	0	5.22	37007.53	0	133	210.01	8.78	57	51.13	5.45	33.42	78	0	400
242379	3563957	3	242879	3560701.8	4122.11	0	5.27	36993.84	0	133.09	210.01	8.73	57	51.36	5.42	33.22	82	0	400
235908	3590202	3	236408	3586975.3	4059.78	0	5.2	37010.82	0	132.96	210.01	8.81	57	51.08	5.45	33.47	86	0	400
237232	3583815	3	237732	3580582.4	4067.57	0	5.21	37006.72	0	132.99	210.01	8.79	57	51.15	5.45	33.41	93	0	400
239322	3587036	3	239822	3583795.4	4076.58	0	5.22	37008.35	0	133	210.01	8.77	57	51.12	5.45	33.43	101	0	400
238828	3586995	3	239328	3583756.4	4072.17	0	5.22	37008.4	0	133	210.01	8.78	57	51.12	5.45	33.43	108	0	400
234485	3590286	3	234985	3587064.9	4056.91	0	5.19	37011.1	0	132.94	210.01	8.82	57	51.08	5.45	33.47	115	0	400
235708	3590211	3	236208	3586985.1	4058.73	0	5.2	37010.86	0	132.96	210.01	8.81	57	51.08	5.45	33.47	129	0	400
235708	3590211	3	236208	3586985.1	4058.73	0	5.2	37010.86	0	132.96	210.01	8.81	57	51.08	5.45	33.47	136	0	400
237828	3582914	3	238328	3579678.9	4074.16	0	5.22	37006.07	0	133	210.01	8.79	57	51.16	5.44	33.4	143	0	400
235312	3590202	3	235812	3586977.6	4053.78	0	5.19	37010.91	0	132.95	210.01	8.81	57	51.08	5.45	33.47	146	0	400
235262	3590199	3	235762	3586974.8	4054.38	0	5.19	37010.92	0	132.95	210.01	8.82	57	51.08	5.45	33.47	147	0	400
235808	3590206	3	236308	3586979.7	4059.25	0	5.2	37010.84	0	132.96	210.01	8.81	57	51.08	5.45	33.47	155	0	400
235808	3590206	3	236308	3586979.7	4059.25	0	5.2	37010.84	0	132.96	210.01	8.81	57	51.08	5.45	33.47	159	0	400
235808	3590206	3	236308	3586979.7	4059.25	0	5.2	37010.84	0	132.96	210.01	8.81	57	51.08	5.45	33.47	163	0	400
235908	3590202	3	236408	3586975.3	4059.78	0	5.2	37010.82	0	132.96	210.01	8.81	57	51.08	5.45	33.47	171	0	400
235858	3590204	3	236358	3586977.5	4059.52	0	5.2	37010.83	0	132.96	210.01	8.81	57	51.08	5.45	33.47	172	0	400
234110	3589535	3	234610	3586315.3	4043.47	0	5.19	37010.7	0	132.94	210.01	8.83	57	51.08	5.45	33.46	190	0	400
235322	3589654	3	235822	3586429.5	4052.58	0	5.19	37010.58	0	132.95	210.01	8.81	57	51.08	5.45	33.46	194	0	400
235346	3589611	3	235846	3586386.4	4052.77	0	5.19	37010.55	0	132.95	210.01	8.81	57	51.08	5.45	33.46	196	0	400
235321	3589606	3	235821	3586381.5	4052.65	0	5.19	37010.55	0	132.95	210.01	8.81	57	51.08	5.45	33.46	197	0	400
235297	3589601	3	235797	3586376.6	4052.3	0	5.19	37010.55	0	132.96	210.01	8.81	57	51.08	5.45	33.46	198	0	400
235346	3589461	3	235846	3586236.4	4051.23	0	5.19	37010.46	0	132.96	210.01	8.81	57	51.09	5.45	33.46	209	0	400
236698	3594179	3	237198	3590949.6	4096.89	0	5.2	37013.12	0	132.96	210.01	8.8	57	51.04	5.46	33.5	212	0	400
236819	3592359	3	237319	3589128.9	4088.17	0	5.2	37011.99	0	132.97	210.01	8.8	57	51.06	5.46	33.48	216	0	400
237293	3593339	3	237793	3590107.1	4101.68	0	5.2	37012.51	0	132.97	210.01	8.79	57	51.05	5.46	33.49	220	0	400
236698	3594179	3	237198	3590949.6	4096.89	0	5.2	37013.12	0	132.96	210.01	8.8	57	51.04	5.46	33.5	224	0	400
236648	3594177	3	237148	3590947.8	4095.46	0	5.2	37013.13	0	132.96	210.01	8.8	57	51.04	5.46	33.5	225	0	400
233358	3587987	3	233858	3584770.1	4042.98	0	5.18	37009.87	0	132.93	210.01	8.83	57	51.1	5.45	33.45	231	0	400
234040	3582813	3	234540	3579592.9	4050.84	0	5.19	37006.61	0	132.95	210.01	8.83	57	51.15	5.45	33.41	235	0	400
237340	3592956	3	237840	3589723.9	4099.06	0	5.2	37012.27	0	132.97	210.01	8.79	57	51.06	5.46	33.49	239	0	400
233832	3587043	3	234332	3583824.1	4043.9	0	5.19	37009.22	0	132.94	210.01	8.83	57	51.11	5.45	33.44	243	0	400
233832	3587043	3	234332	3583824.1	4043.9	0	5.19	37009.22	0	132.94	210.01	8.83	57	51.11	5.45	33.44	244	0	400
236792	3592401	3	237292	3589171	4087.98	0	5.2	37012.02	0	132.96	210.01	8.8	57	51.06	5.46	33.48	254	0	400
236792	3592401	3	237292	3589171	4087.98	0	5.2	37012.02	0	132.96	210.01	8.8	57	51.06	5.46	33.48	261	0	400
236697	3594228	3	237197	3590998.6	4097.81	0	5.2	37013.15	0	132.96	210.01	8.8	57	51.04	5.46	33.5	268	0	400
234040	3582613	3	234540	3579392.9	4051.87	0	5.2	37006.49	0	132.95	210.01	8.83	57	51.15	5.44	33.4	282	0	400
234040	3582613	3	234540	3579392.9	4051.87	0	5.2	37006.49	0	132.95	210.01	8.83	57	51.15	5.44	33.4	289	0	400
233358	3587987	3	233858	3584770.1	4042.98	0	5.18	37009.87	0	132.93	210.01	8.83	57	51.1	5.45	33.45	296	0	400
234040	3582813	3	234540	3579592.9	4050.84	0	5.19	37006.61	0	132.95	210.01	8.83	57	51.15	5.45	33.41	299	0	400
234040	3582763	3	234540	3579542.9	4051.64	0	5.19	37006.58	0	132.95	210.01	8.83	57	51.15	5.45	33.41	300	0	400
236697	3594203	3	237197	3590973.6	4097.79	0	5.2	37013.14	0	132.96	210.01	8.8	57	51.04	5.46	33.5	308	0	400
238206	3593433	3	238706	3590197.5	4096.82	0	5.21	37012.43	0	132.98	210.01	8.78	57	51.05	5.46	33.49	311	0	400
237144	3593140	3	237644	3589908.7	4099.41	0	5.2	37012.42	0	132.97	210.01	8.8	57	51.05	5.46	33.49	324	0	400
237094	3593136	3	237594	3589904.9	4097.16	0	5.2	37012.42	0	132.97	210.01	8.8	57	51.05	5.46	33.49	325	0	400
236229	3592712	3	236729	3589484.3	4096.02	0	5.2	37012.3	0	132.96	210.01	8.81	57	51.06	5.46	33.49	343	0	400
233293	3591431	3	233793	3588214.7	4083.67	0	5.18	37011.98	0	132.93	210.01	8.84	57	51.06	5.46	33.48	347	0	400
233293	3591431	3	233793	3588214.7	4083.67	0	5.18	37011.98	0	132.93	210.01	8.84	57	51.06	5.46	33.48	349	0	400
233293	3591431	3	233793	3588214.7	4083.67	0	5.18	37011.98	0	132.93	210.01	8.84	57	51.06	5.46	33.48	350	0	400
233293	3591431	3	233793	3588214.7	4083.67	0	5.18	37011.98	0	132.93	210.01	8.84	57	51.06	5.46	33.48	351	0	400
232691	3590248	3	233191	3587034	4056.94	0	5.18	37011.36	0	132.92	210.01	8.84	57	51.07	5.45	33.47	363	0	400
242209	3565991	3	242709	3562736.7	4121.98	0	5.27	36995.1	0	133.08	210.01	8.73	57	51.34	5.42	33.24	366	0	400
242209	3565991	3	242709	3562736.7	4121.98	0	5.27	36995.1	0	133.08	210.01	8.73	57	51.34	5.42	33.24	370	0	400
242209	3565991	3	242709	3562736.7	4121.98	0	5.27	36995.1	0	133.08	210.01	8.73	57	51.34	5.42	33.24	374	0	400
242209	3565991	3	242709	3562736.7	4121.98	0	5.27	36995.1	0	133.08	210.01	8.73	57	51.34	5.42	33.24	378	0	400
238851	3601816	3	239351	3598578.8	4051.23	0	5.2	37017.45	0	132.97	210.01	8.78	57	50.97	5.47	33.56	379	0	400
242209	3565991	3	242709	3562736.7	4121.98	0	5.27	36995.1	0	133.08	210.01	8.73	57	51.34	5.42	33.24	385	0	400
242209	3565991	3	242709	3562736.7	4121.98	0	5.27	36995.1	0	133.08	210.01	8.73	57	51.34	5.42	33.24	389	0	400
238643	3600614	3	239143	3597377.5	4057.79	0	5.2	37016.75	0	132.97	210.01	8.78	57	50.98	5.46	33.55	393	0	400
242209	3565991	3	242709	3562736.7	4121.98	0	5.27	36995.1	0	133.08	210.01	8.73	57	51.34	5.42	33.24	397	0	400
238387	3600616	3	238887	3597380.5	4054.42	0	5.2	37016.79	0	132.97	210.01	8.78	57	50.98	5.46	33.55	398	0	400
242830	3565307	3	243330	3562050.1	4123.98	0	5.28	36994.59	0	133.09	210.01	8.73	57	51.34	5.42	33.23	408	0	400
242209	3565991	3	242709	3562736.7	4121.98	0	5.27	36995.1	0	133.08	210.01	8.73	57	51.34	5.42	33.24	415	0	400
242209	3565991	3	242709	3562736.7	4121.98	0	5.27	36995.1	0	133.08	210.01	8.73	57	51.34	5.42	33.24	422	0	400
238259	3600870	3	238759	3597635.1	4052.06	0	5.2	37016.96	0	132.96	210.01	8.79	57	50.98	5.46	33.55	436	0	400
238329	3600557	3	238829	3597321.8	4054.31	0	5.2	37016.76	0	132.96	210.01	8.79	57	50.98	5.46	33.55	443	0	400
237834	3600220	3	238334	3596986.7	4048.08	0	5.2	37016.63	0	132.96	210.01	8.79	57	50.99	5.46	33.55	450	0	400
237810	3600581	3	238310	3597347.8	4050.35	0	5.2	37016.86	0	132.96	210.01	8.79	57	50.98	5.46	33.55	453	0	400
237785	3600584	3	238285	3597350.9	4050.59	0	5.2	37016.86	0	132.96	210.01	8.79	57	50.98	5.46	33.55	454	0	400
240105	3601469	3	240605	3598226.8	4057.25	0	5.21	37017.04	0	132.98	210.01	8.77	57	50.98	5.47	33.56	462	0	400
240256	3600401	3	240756	3597158.1	4056.15	0	5.21	37016.36	0	132.99	210.01	8.76	57	50.99	5.46	33.55	466	0	400
257213	3595169	3	257713	3591856.3	4150.72	0	5.33	37010.51	0	133.19	210.01	8.58	57	51.09	5.45	33.46	470	0	400
242209	3565991	3	242709	3562736.7	4121.98	0	5.27	36995.1	0	133.08	210.01	8.73	57	51.34	5.42	33.24	478	0	400
238923	3600305	3	239423	3597067.4	4061.81	0	5.2	37016.51	0	132.97	210.01	8.78	57	50.99	5.46	33.55	479	0	400
242209	3565991	3	242709	3562736.7	4121.98	0	5.27	36995.1	0	133.08	210.01	8.73	57	51.34	5.42	33.24	497	0	400
239417	3600859	3	239917	3597619.5	4058.21	0	5.21	37016.77	0	132.98	210.01	8.77	57	50.98	5.46	33.55	501	0	400
242209	3565991	3	242709	3562736.7	4121.98	0	5.27	36995.1	0	133.08	210.01	8.73	57	51.34	5.42	33.24	503	0	400
239207	3600651	3	239707	3597412.3	4059.75	0	5.21	37016.68	0	132.97	210.01	8.78	57	50.99	5.46	33.55	504	0	400
239187	3600666	3	239687	3597427.3	4059.1	0	5.21	37016.69	0	132.97	210.01	8.78	57	50.99	5.46	33.55	505	0	400
242209	3565991	3	242709	3562736.7	4121.98	0	5.27	36995.1	0	133.08	210.01	8.73	57	51.34	5.42	33.24	517	0	400
233387	3585341	3	233887	3582123.7	4042.24	0	5.19	37008.26	0	132.94	210.01	8.83	57	51.12	5.45	33.43	636	0	400
233386	3585316	3	233886	3582098.7	4042.27	0	5.19	37008.24	0	132.94	210.01	8.83	57	51.12	5.45	33.43	637	0	400
234804	3590046	3	235304	3586823.6	4052.12	0	5.19	37010.9	0	132.95	210.01	8.82	57	51.08	5.45	33.47	668	0	400
234804	3590046	3	235304	3586823.6	4052.12	0	5.19	37010.9	0	132.95	210.01	8.82	57	51.08	5.45	33.47	675	0	400
236367	3590158	3	236867	3586929.5	4065.06	0	5.2	37010.72	0	132.97	210.01	8.8	57	51.08	5.45	33.47	682	0	400
236259	3581149	3	236759	3577919.9	4066.72	0	5.21	37005.25	0	132.98	210.01	8.8	57	51.17	5.44	33.39	703	0	400
233832	3587043	3	234332	3583824.1	4043.9	0	5.19	37009.22	0	132.94	210.01	8.83	57	51.11	5.45	33.44	710	0	400
233595	3587444	3	234095	3584226.1	4042.2	0	5.19	37009.5	0	132.94	210.01	8.83	57	51.1	5.45	33.45	717	0	400
237920	3600595	3	238420	3597361.4	4050.3	0	5.2	37016.85	0	132.96	210.01	8.79	57	50.98	5.46	33.55	738	0	400
242930	3564732	3	243430	3561474.7	4124.97	0	5.28	36994.22	0	133.09	210.01	8.73	57	51.35	5.42	33.23	745	0	400
242209	3565991	3	242709	3562736.7	4121.98	0	5.27	36995.1	0	133.08	210.01	8.73	57	51.34	5.42	33.24	752	0	400
232675	3587805	3	233175	3584590.8	4035.72	0	5.18	37009.87	0	132.93	210.01	8.84	57	51.1	5.45	33.45	755	0	400
232675	3587755	3	233175	3584540.8	4035.8	0	5.18	37009.84	0	132.93	210.01	8.84	57	51.1	5.45	33.45	756	0	400
236367	3590108	3	236867	3586879.5	4064.32	0	5.2	37010.69	0	132.96	210.01	8.8	57	51.08	5.45	33.46	799	0	400
233184	3590253	3	233684	3587037	4059	0	5.18	37011.28	0	132.93	210.01	8.84	57	51.07	5.45	33.47	809	0	400
233134	3590253	3	233634	3587037.2	4057.42	0	5.18	37011.29	0	132.93	210.01	8.84	57	51.07	5.45	33.47	810	0	400
233330	3589400	3	233830	3586183.4	4041.17	0	5.18	37010.74	0	132.93	210.01	8.84	57	51.08	5.45	33.47	833	0	400
233280	3589400	3	233780	3586183.6	4041.31	0	5.18	37010.75	0	132.93	210.01	8.84	57	51.08	5.45	33.47	834	0	400
233230	3589400	3	233730	3586183.7	4041.12	0	5.18	37010.75	0	132.93	210.01	8.84	57	51.08	5.45	33.47	835	0	400
233330	3588900	3	233830	3585683.3	4041.21	0	5.18	37010.43	0	132.93	210.01	8.84	57	51.09	5.45	33.46	849	0	400
233280	3588900	3	233780	3585683.5	4041.15	0	5.18	37010.44	0	132.93	210.01	8.84	57	51.09	5.45	33.46	850	0	400
233230	3588900	3	233730	3585683.7	4040.9	0	5.18	37010.45	0	132.93	210.01	8.84	57	51.09	5.45	33.46	851	0	400
233180	3588900	3	233680	3585683.9	4040.64	0	5.18	37010.46	0	132.93	210.01	8.84	57	51.09	5.45	33.46	852	0	400
242700	3566822	3	243200	3563565.8	4118.28	0	5.27	36995.52	0	133.08	210.01	8.73	57	51.33	5.42	33.25	1	0	600
243000	3566822	3	243500	3563564.6	4121.88	0	5.27	36995.48	0	133.09	210.01	8.73	57	51.33	5.42	33.25	5	0	600
242700	3566690	3	243200	3563433.8	4118.49	0	5.27	36995.44	0	133.08	210.01	8.73	57	51.33	5.42	33.25	7	0	600
242700	3566665	3	243200	3563408.8	4118.53	0	5.27	36995.43	0	133.08	210.01	8.73	57	51.33	5.42	33.25	8	0	600
242700	3566640	3	243200	3563383.8	4106.9	0	5.27	36995.41	0	133.09	210.01	8.73	57	51.33	5.42	33.25	9	0	600
242700	3566615	3	243200	3563358.8	4112.28	0	5.27	36995.4	0	133.08	210	8.73	57	51.33	5.42	33.25	10	0	600
242700	3566590	3	243200	3563333.8	4118.65	0	5.27	36995.38	0	133.08	210.01	8.73	57	51.33	5.42	33.25	11	0	600
242848	3566690	3	243348	3563433.2	4121.28	0	5.27	36995.42	0	133.09	210.01	8.73	57	51.33	5.42	33.25	13	0	600
242848	3566615	3	243348	3563358.2	4122.32	0	5.27	36995.38	0	133.09	210.01	8.73	57	51.33	5.42	33.25	16	0	600
242848	3566565	3	243348	3563308.2	4122.4	0	5.27	36995.35	0	133.09	210.01	8.73	57	51.33	5.42	33.24	18	0	600
242848	3566427	3	243348	3563170.2	4122.62	0	5.27	36995.26	0	133.09	210.01	8.73	57	51.33	5.42	33.24	26	0	600
235742	3589806	3	236242	3586579.9	4056.21	0	5.2	37010.6	0	132.96	210.01	8.81	57	51.08	5.45	33.46	29	0	600
236798	3592345	3	237298	3589115	4087.97	0	5.2	37011.99	0	132.96	210.01	8.8	57	51.06	5.46	33.48	31	0	600
238807	3600726	3	239307	3597488.9	4053.26	0	5.2	37016.79	0	132.97	210.01	8.78	57	50.98	5.46	33.55	33	0	600
242648	3566327	3	243148	3563071	4120.79	0	5.27	36995.23	0	133.08	210.01	8.73	57	51.33	5.42	33.24	38	0	600
242648	3566302	3	243148	3563046	4120.83	0	5.27	36995.22	0	133.08	210.01	8.73	57	51.33	5.42	33.24	39	0	600
242648	3566277	3	243148	3563021	4120.87	0	5.27	36995.2	0	133.08	210.01	8.73	57	51.33	5.42	33.24	40	0	600
243048	3566427	3	243548	3563169.4	4122.85	0	5.28	36995.23	0	133.09	210.01	8.73	57	51.33	5.42	33.24	46	0	600
242948	3566427	3	243448	3563169.8	4122.39	0	5.27	36995.25	0	133.09	210.01	8.73	57	51.33	5.42	33.24	55	0	600
242948	3566402	3	243448	3563144.8	4122.35	0	5.27	36995.23	0	133.09	210.01	8.73	57	51.33	5.42	33.24	56	0	600
234410	3590436	3	234910	3587215.2	4061.07	0	5.19	37011.2	0	132.94	210.01	8.82	57	51.07	5.45	33.47	59	0	600
244351	3590043	3	244851	3586782.5	4099.15	0	5.25	37009.39	0	133.05	210.01	8.72	57	51.1	5.45	33.45	63	0	600
236537	3586095	3	237037	3582865.4	4058.46	0	5.21	37008.22	0	132.97	210.01	8.8	57	51.12	5.45	33.43	67	0	600
238431	3591739	3	238931	3588502.4	4086.12	0	5.21	37011.36	0	132.98	210.01	8.78	57	51.07	5.45	33.47	71	0	600
238406	3591737	3	238906	3588500.5	4085.92	0	5.21	37011.36	0	132.98	210.01	8.78	57	51.07	5.45	33.47	72	0	600
237827	3585351	3	238327	3582116.2	4064.37	0	5.22	37007.56	0	132.99	210.01	8.79	57	51.13	5.45	33.42	78	0	600
242379	3563957	3	242879	3560701.8	4122.11	0	5.27	36993.84	0	133.09	210.01	8.73	57	51.36	5.42	33.22	82	0	600
240310	3589893	3	240810	3586648.7	4086.03	0	5.23	37009.94	0	133.01	210.01	8.76	57	51.09	5.45	33.45	86	0	600
237210	3584092	3	237710	3580859.5	4068.1	0	5.21	37006.89	0	132.99	210.01	8.79	57	51.14	5.45	33.41	93	0	600
245913	3584943	3	246413	3581675.7	4110.81	0	5.27	37006.04	0	133.08	210.01	8.7	57	51.16	5.44	33.4	101	0	600
245992	3584984	3	246492	3581716.4	4110.48	0	5.27	37006.05	0	133.08	210.01	8.7	57	51.16	5.44	33.4	108	0	600
242690	3591477	3	243190	3588223.4	4113.48	0	5.24	37010.53	0	133.03	210.01	8.74	57	51.08	5.45	33.46	115	0	600
241073	3589010	3	241573	3585762.6	4083.72	0	5.23	37009.28	0	133.02	210.01	8.75	57	51.11	5.45	33.44	129	0	600
241371	3589039	3	241871	3585790.4	4087.8	0	5.23	37009.25	0	133.02	210.01	8.75	57	51.11	5.45	33.44	136	0	600
238618	3580611	3	239118	3577372.5	4077.94	0	5.23	37004.55	0	133.01	210.01	8.78	57	51.18	5.44	33.38	143	0	600
239870	3589442	3	240370	3586199.5	4082.38	0	5.22	37009.73	0	133	210.01	8.77	57	51.1	5.45	33.45	146	0	600
239868	3589417	3	240368	3586174.5	4081.73	0	5.22	37009.71	0	133	210.01	8.77	57	51.1	5.45	33.45	147	0	600
246717	3591856	3	247217	3588586.2	4130.66	0	5.27	37010.13	0	133.08	210.01	8.69	57	51.09	5.45	33.46	155	0	600
252392	3588029	3	252892	3584735.6	4170.23	0	5.31	37006.91	0	133.15	210.01	8.63	57	51.14	5.45	33.41	159	0	600
248786	3586901	3	249286	3583622.2	4125.12	0	5.29	37006.78	0	133.11	210.01	8.67	57	51.15	5.45	33.41	163	0	600
236938	3590083	3	237438	3586852.2	4066.66	0	5.2	37010.58	0	132.97	210.01	8.8	57	51.08	5.45	33.46	171	0	600
236913	3590085	3	237413	3586854.3	4066.6	0	5.2	37010.59	0	132.97	210.01	8.8	57	51.08	5.45	33.46	172	0	600
234110	3589535	3	234610	3586315.3	4043.47	0	5.19	37010.7	0	132.94	210.01	8.83	57	51.08	5.45	33.46	190	0	600
235322	3589654	3	235822	3586429.5	4052.58	0	5.19	37010.58	0	132.95	210.01	8.81	57	51.08	5.45	33.46	194	0	600
242171	3566080	3	242671	3562825.9	4120.64	0	5.27	36995.16	0	133.08	210.01	8.74	57	51.33	5.42	33.24	196	0	600
235321	3589606	3	235821	3586381.5	4052.65	0	5.19	37010.55	0	132.95	210.01	8.81	57	51.08	5.45	33.46	197	0	600
235297	3589601	3	235797	3586376.6	4052.3	0	5.19	37010.55	0	132.96	210.01	8.81	57	51.08	5.45	33.46	198	0	600
242171	3566080	3	242671	3562825.9	4120.64	0	5.27	36995.16	0	133.08	210.01	8.74	57	51.33	5.42	33.24	209	0	600
235103	3593495	3	235603	3590271.8	4115.28	0	5.19	37012.96	0	132.95	210.01	8.82	57	51.05	5.46	33.5	212	0	600
236701	3592284	3	237201	3589054.4	4088.04	0	5.2	37011.96	0	132.96	210.01	8.8	57	51.06	5.46	33.48	216	0	600
235335	3592603	3	235835	3589378.8	4100.04	0	5.19	37012.37	0	132.95	210.01	8.82	57	51.05	5.46	33.49	220	0	600
235103	3593495	3	235603	3590271.8	4115.28	0	5.19	37012.96	0	132.95	210.01	8.82	57	51.05	5.46	33.5	224	0	600
236648	3594177	3	237148	3590947.8	4095.46	0	5.2	37013.13	0	132.96	210.01	8.8	57	51.04	5.46	33.5	225	0	600
236190	3593127	3	236690	3589899.5	4100.36	0	5.2	37012.56	0	132.96	210.01	8.81	57	51.05	5.46	33.49	231	0	600
234829	3592262	3	235329	3589039.8	4099.37	0	5.19	37012.25	0	132.94	210.01	8.82	57	51.06	5.46	33.49	235	0	600
235498	3592436	3	235998	3589211.1	4098.02	0	5.19	37012.25	0	132.95	210.01	8.81	57	51.06	5.46	33.49	239	0	600
236190	3593127	3	236690	3589899.5	4100.36	0	5.2	37012.56	0	132.96	210.01	8.81	57	51.05	5.46	33.49	243	0	600
236141	3593116	3	236641	3589888.7	4100.15	0	5.2	37012.56	0	132.96	210.01	8.81	57	51.05	5.46	33.49	244	0	600
236675	3592326	3	237175	3589096.5	4088.51	0	5.2	37011.99	0	132.96	210.01	8.8	57	51.06	5.46	33.48	254	0	600
236675	3592326	3	237175	3589096.5	4088.51	0	5.2	37011.99	0	132.96	210.01	8.8	57	51.06	5.46	33.48	261	0	600
236697	3594228	3	237197	3590998.6	4097.81	0	5.2	37013.15	0	132.96	210.01	8.8	57	51.04	5.46	33.5	268	0	600
234811	3592308	3	235311	3589085.8	4100.07	0	5.19	37012.28	0	132.94	210.01	8.82	57	51.06	5.46	33.49	282	0	600
234811	3592308	3	235311	3589085.8	4100.07	0	5.19	37012.28	0	132.94	210.01	8.82	57	51.06	5.46	33.49	289	0	600
236180	3593175	3	236680	3589947.5	4101.58	0	5.2	37012.59	0	132.96	210.01	8.81	57	51.05	5.46	33.49	296	0	600
234829	3592262	3	235329	3589039.8	4099.37	0	5.19	37012.25	0	132.94	210.01	8.82	57	51.06	5.46	33.49	299	0	600
234782	3592243	3	235282	3589020.9	4098.68	0	5.19	37012.24	0	132.94	210.01	8.82	57	51.06	5.46	33.49	300	0	600
235095	3593518	3	235595	3590294.8	4115.59	0	5.19	37012.97	0	132.94	210.01	8.82	57	51.05	5.46	33.5	308	0	600
238740	3593551	3	239240	3590313.4	4096.38	0	5.21	37012.41	0	132.98	210.01	8.78	57	51.05	5.46	33.49	311	0	600
235080	3592265	3	235580	3589041.8	4098.75	0	5.19	37012.21	0	132.95	210.01	8.82	57	51.06	5.46	33.49	324	0	600
237094	3593136	3	237594	3589904.9	4097.16	0	5.2	37012.42	0	132.97	210.01	8.8	57	51.05	5.46	33.49	325	0	600
237717	3593217	3	238217	3589983.4	4097.51	0	5.21	37012.37	0	132.97	210.01	8.79	57	51.05	5.46	33.49	343	0	600
235524	3592560	3	236024	3589335	4102.52	0	5.19	37012.32	0	132.95	210.01	8.81	57	51.06	5.46	33.49	347	0	600
236546	3592955	3	237046	3589726	4099.18	0	5.2	37012.4	0	132.96	210.01	8.8	57	51.05	5.46	33.49	349	0	600
236524	3592943	3	237024	3589714.1	4099.45	0	5.2	37012.39	0	132.96	210.01	8.8	57	51.05	5.46	33.49	350	0	600
236501	3592932	3	237001	3589703.2	4098.9	0	5.2	37012.39	0	132.96	210.01	8.8	57	51.05	5.46	33.49	351	0	600
236546	3592955	3	237046	3589726	4099.18	0	5.2	37012.4	0	132.96	210.01	8.8	57	51.05	5.46	33.49	363	0	600
246003	3601569	3	246503	3598303	4100.15	0	5.25	37016.17	0	133.05	210.01	8.7	57	50.99	5.46	33.54	366	0	600
247309	3599646	3	247809	3596374.5	4105.13	0	5.26	37014.79	0	133.07	210.01	8.69	57	51.02	5.46	33.52	370	0	600
250266	3600608	3	250766	3597324.6	4121.44	0	5.28	37014.92	0	133.1	210.01	8.66	57	51.01	5.46	33.53	374	0	600
244923	3600431	3	245423	3597169.3	4091.2	0	5.24	37015.65	0	133.04	210.01	8.72	57	51	5.46	33.54	378	0	600
244899	3600425	3	245399	3597163.4	4091.08	0	5.24	37015.65	0	133.04	210.01	8.72	57	51	5.46	33.54	379	0	600
257179	3598966	3	257679	3595653.9	4148.66	0	5.33	37012.84	0	133.18	210.01	8.58	57	51.05	5.46	33.5	385	0	600
253428	3601942	3	253928	3598645.7	4166.07	0	5.3	37015.24	0	133.13	210.02	8.63	57	51.01	5.46	33.53	389	0	600
257369	3596874	3	257869	3593560.9	4146.87	0	5.33	37011.53	0	133.19	210.01	8.58	57	51.07	5.45	33.48	393	0	600
254581	3602423	3	255081	3599122	4181.87	0	5.31	37015.36	0	133.14	210.01	8.61	57	51.01	5.46	33.53	397	0	600
254597	3602442	3	255097	3599140.9	4181.97	0	5.31	37015.36	0	133.14	210.01	8.61	57	51.01	5.46	33.53	398	0	600
242830	3565307	3	243330	3562050.1	4123.98	0	5.28	36994.59	0	133.09	210.01	8.73	57	51.34	5.42	33.23	408	0	600
249956	3599180	3	250456	3595897.7	4118.23	0	5.28	37014.09	0	133.1	210.01	8.66	57	51.03	5.46	33.51	415	0	600
250744	3600021	3	251244	3596735.6	4123.18	0	5.28	37014.48	0	133.1	210.01	8.65	57	51.02	5.46	33.52	422	0	600
257581	3596585	3	258081	3593270.9	4147.49	0	5.33	37011.32	0	133.19	210.01	8.58	57	51.07	5.45	33.47	436	0	600
256614	3596513	3	257114	3593203	4145.31	0	5.33	37011.43	0	133.18	210.01	8.59	57	51.07	5.45	33.48	443	0	600
257393	3598222	3	257893	3594908.9	4143.85	0	5.33	37012.35	0	133.18	210.01	8.58	57	51.06	5.46	33.49	450	0	600
257133	3597572	3	257633	3594259.9	4145.46	0	5.33	37011.99	0	133.18	210.01	8.58	57	51.06	5.46	33.48	453	0	600
257151	3597618	3	257651	3594305.8	4144.49	0	5.33	37012.02	0	133.18	210.01	8.58	57	51.06	5.46	33.48	454	0	600
248865	3607779	3	249365	3604502	4130.4	0	5.26	37019.52	0	133.07	210.01	8.68	57	50.94	5.47	33.59	462	0	600
244934	3600471	3	245434	3597209.3	4091.2	0	5.24	37015.67	0	133.04	210.01	8.72	57	51	5.46	33.54	466	0	600
247813	3599462	3	248313	3596188.5	4110.1	0	5.26	37014.6	0	133.07	210.01	8.68	57	51.02	5.46	33.52	470	0	600
239612	3599565	3	240112	3596324.5	4076.77	0	5.21	37015.95	0	132.98	210.01	8.77	57	51	5.46	33.54	478	0	600
239595	3599583	3	240095	3596342.6	4077.35	0	5.21	37015.96	0	132.98	210.01	8.77	57	51	5.46	33.54	479	0	600
242209	3565991	3	242709	3562736.7	4121.98	0	5.27	36995.1	0	133.08	210.01	8.73	57	51.34	5.42	33.24	497	0	600
239417	3600859	3	239917	3597619.5	4058.21	0	5.21	37016.77	0	132.98	210.01	8.77	57	50.98	5.46	33.55	501	0	600
242209	3565991	3	242709	3562736.7	4121.98	0	5.27	36995.1	0	133.08	210.01	8.73	57	51.34	5.42	33.24	503	0	600
239207	3600651	3	239707	3597412.3	4059.75	0	5.21	37016.68	0	132.97	210.01	8.78	57	50.99	5.46	33.55	504	0	600
239187	3600666	3	239687	3597427.3	4059.1	0	5.21	37016.69	0	132.97	210.01	8.78	57	50.99	5.46	33.55	505	0	600
242209	3565991	3	242709	3562736.7	4121.98	0	5.27	36995.1	0	133.08	210.01	8.73	57	51.34	5.42	33.24	517	0	600
234107	3583431	3	234607	3580210.7	4050.94	0	5.19	37006.98	0	132.95	210.01	8.83	57	51.14	5.45	33.41	636	0	600
233386	3585316	3	233886	3582098.7	4042.27	0	5.19	37008.24	0	132.94	210.01	8.83	57	51.12	5.45	33.43	637	0	600
234804	3590046	3	235304	3586823.6	4052.12	0	5.19	37010.9	0	132.95	210.01	8.82	57	51.08	5.45	33.47	668	0	600
234804	3590046	3	235304	3586823.6	4052.12	0	5.19	37010.9	0	132.95	210.01	8.82	57	51.08	5.45	33.47	675	0	600
236367	3590158	3	236867	3586929.5	4065.06	0	5.2	37010.72	0	132.97	210.01	8.8	57	51.08	5.45	33.47	682	0	600
233358	3587987	3	233858	3584770.1	4042.98	0	5.18	37009.87	0	132.93	210.01	8.83	57	51.1	5.45	33.45	703	0	600
235069	3592886	3	235569	3589662.9	4102.69	0	5.19	37012.59	0	132.94	210.01	8.82	57	51.05	5.46	33.49	710	0	600
234346	3592735	3	234846	3589514.7	4108.31	0	5.18	37012.61	0	132.94	210.01	8.83	57	51.05	5.46	33.49	717	0	600
237920	3600595	3	238420	3597361.4	4050.3	0	5.2	37016.85	0	132.96	210.01	8.79	57	50.98	5.46	33.55	738	0	600
242930	3564732	3	243430	3561474.7	4124.97	0	5.28	36994.22	0	133.09	210.01	8.73	57	51.35	5.42	33.23	745	0	600
242209	3565991	3	242709	3562736.7	4121.98	0	5.27	36995.1	0	133.08	210.01	8.73	57	51.34	5.42	33.24	752	0	600
232675	3587805	3	233175	3584590.8	4035.72	0	5.18	37009.87	0	132.93	210.01	8.84	57	51.1	5.45	33.45	755	0	600
232675	3587755	3	233175	3584540.8	4035.8	0	5.18	37009.84	0	132.93	210.01	8.84	57	51.1	5.45	33.45	756	0	600
236367	3590108	3	236867	3586879.5	4064.32	0	5.2	37010.69	0	132.96	210.01	8.8	57	51.08	5.45	33.46	799	0	600
233184	3590253	3	233684	3587037	4059	0	5.18	37011.28	0	132.93	210.01	8.84	57	51.07	5.45	33.47	809	0	600
233134	3590253	3	233634	3587037.2	4057.42	0	5.18	37011.29	0	132.93	210.01	8.84	57	51.07	5.45	33.47	810	0	600
233330	3589400	3	233830	3586183.4	4041.17	0	5.18	37010.74	0	132.93	210.01	8.84	57	51.08	5.45	33.47	833	0	600
233280	3589400	3	233780	3586183.6	4041.31	0	5.18	37010.75	0	132.93	210.01	8.84	57	51.08	5.45	33.47	834	0	600
233230	3589400	3	233730	3586183.7	4041.12	0	5.18	37010.75	0	132.93	210.01	8.84	57	51.08	5.45	33.47	835	0	600
233330	3588900	3	233830	3585683.3	4041.21	0	5.18	37010.43	0	132.93	210.01	8.84	57	51.09	5.45	33.46	849	0	600
233280	3588900	3	233780	3585683.5	4041.15	0	5.18	37010.44	0	132.93	210.01	8.84	57	51.09	5.45	33.46	850	0	600
233230	3588900	3	233730	3585683.7	4040.9	0	5.18	37010.45	0	132.93	210.01	8.84	57	51.09	5.45	33.46	851	0	600
233180	3588900	3	233680	3585683.9	4040.64	0	5.18	37010.46	0	132.93	210.01	8.84	57	51.09	5.45	33.46	852	0	600
242700	3566822	3	243200	3563565.8	4118.28	0	5.27	36995.52	0	133.08	210.01	8.73	57	51.33	5.42	33.25	1	0	800
243000	3566822	3	243500	3563564.6	4121.88	0	5.27	36995.48	0	133.09	210.01	8.73	57	51.33	5.42	33.25	5	0	800
242700	3566690	3	243200	3563433.8	4118.49	0	5.27	36995.44	0	133.08	210.01	8.73	57	51.33	5.42	33.25	7	0	800
242700	3566665	3	243200	3563408.8	4118.53	0	5.27	36995.43	0	133.08	210.01	8.73	57	51.33	5.42	33.25	8	0	800
242700	3566640	3	243200	3563383.8	4106.9	0	5.27	36995.41	0	133.09	210.01	8.73	57	51.33	5.42	33.25	9	0	800
242700	3566615	3	243200	3563358.8	4112.28	0	5.27	36995.4	0	133.08	210	8.73	57	51.33	5.42	33.25	10	0	800
242700	3566590	3	243200	3563333.8	4118.65	0	5.27	36995.38	0	133.08	210.01	8.73	57	51.33	5.42	33.25	11	0	800
242848	3566690	3	243348	3563433.2	4121.28	0	5.27	36995.42	0	133.09	210.01	8.73	57	51.33	5.42	33.25	13	0	800
242848	3566615	3	243348	3563358.2	4122.32	0	5.27	36995.38	0	133.09	210.01	8.73	57	51.33	5.42	33.25	16	0	800
242848	3566565	3	243348	3563308.2	4122.4	0	5.27	36995.35	0	133.09	210.01	8.73	57	51.33	5.42	33.24	18	0	800
242848	3566427	3	243348	3563170.2	4122.62	0	5.27	36995.26	0	133.09	210.01	8.73	57	51.33	5.42	33.24	26	0	800
235742	3589806	3	236242	3586579.9	4056.21	0	5.2	37010.6	0	132.96	210.01	8.81	57	51.08	5.45	33.46	29	0	800
236798	3592345	3	237298	3589115	4087.97	0	5.2	37011.99	0	132.96	210.01	8.8	57	51.06	5.46	33.48	31	0	800
238807	3600726	3	239307	3597488.9	4053.26	0	5.2	37016.79	0	132.97	210.01	8.78	57	50.98	5.46	33.55	33	0	800
242648	3566327	3	243148	3563071	4120.79	0	5.27	36995.23	0	133.08	210.01	8.73	57	51.33	5.42	33.24	38	0	800
242648	3566302	3	243148	3563046	4120.83	0	5.27	36995.22	0	133.08	210.01	8.73	57	51.33	5.42	33.24	39	0	800
242648	3566277	3	243148	3563021	4120.87	0	5.27	36995.2	0	133.08	210.01	8.73	57	51.33	5.42	33.24	40	0	800
243048	3566427	3	243548	3563169.4	4122.85	0	5.28	36995.23	0	133.09	210.01	8.73	57	51.33	5.42	33.24	46	0	800
242948	3566427	3	243448	3563169.8	4122.39	0	5.27	36995.25	0	133.09	210.01	8.73	57	51.33	5.42	33.24	55	0	800
242948	3566402	3	243448	3563144.8	4122.35	0	5.27	36995.23	0	133.09	210.01	8.73	57	51.33	5.42	33.24	56	0	800
234410	3590436	3	234910	3587215.2	4061.07	0	5.19	37011.2	0	132.94	210.01	8.82	57	51.07	5.45	33.47	59	0	800
243966	3590833	3	244466	3587574.2	4104.17	0	5.25	37009.93	0	133.05	210.01	8.72	57	51.09	5.45	33.45	63	0	800
236537	3586095	3	237037	3582865.4	4058.46	0	5.21	37008.22	0	132.97	210.01	8.8	57	51.12	5.45	33.43	67	0	800
238981	3591893	3	239481	3588654.3	4087.21	0	5.22	37011.36	0	132.99	210.01	8.78	57	51.07	5.45	33.47	71	0	800
238957	3591886	3	239457	3588647.4	4087.09	0	5.22	37011.36	0	132.99	210.01	8.78	57	51.07	5.45	33.47	72	0	800
237827	3585351	3	238327	3582116.2	4064.37	0	5.22	37007.56	0	132.99	210.01	8.79	57	51.13	5.45	33.42	78	0	800
242379	3563957	3	242879	3560701.8	4122.11	0	5.27	36993.84	0	133.09	210.01	8.73	57	51.36	5.42	33.22	82	0	800
237060	3589729	3	237560	3586497.7	4064.53	0	5.21	37010.35	0	132.97	210.01	8.8	57	51.09	5.45	33.46	86	0	800
237210	3584404	3	237710	3581171.5	4068.62	0	5.21	37007.08	0	132.99	210.01	8.79	57	51.14	5.45	33.41	93	0	800
250268	3589764	3	250768	3586479.5	4151.75	0	5.29	37008.29	0	133.12	210.01	8.66	57	51.12	5.45	33.43	101	0	800
250320	3589740	3	250820	3586455.2	4152.29	0	5.29	37008.27	0	133.12	210.01	8.66	57	51.12	5.45	33.43	108	0	800
234585	3590286	3	235085	3587064.5	4057.95	0	5.19	37011.08	0	132.94	210.01	8.82	57	51.08	5.45	33.47	115	0	800
241073	3589010	3	241573	3585762.6	4083.72	0	5.23	37009.28	0	133.02	210.01	8.75	57	51.11	5.45	33.44	129	0	800
241371	3589039	3	241871	3585790.4	4087.8	0	5.23	37009.25	0	133.02	210.01	8.75	57	51.11	5.45	33.44	136	0	800
239188	3579828	3	239688	3576587.2	4082.17	0	5.23	37003.98	0	133.02	210.01	8.77	57	51.19	5.44	33.37	143	0	800
239870	3589442	3	240370	3586199.5	4082.38	0	5.22	37009.73	0	133	210.01	8.77	57	51.1	5.45	33.45	146	0	800
239820	3589448	3	240320	3586205.7	4082.35	0	5.22	37009.74	0	133	210.01	8.77	57	51.1	5.45	33.45	147	0	800
246717	3591856	3	247217	3588586.2	4130.66	0	5.27	37010.13	0	133.08	210.01	8.69	57	51.09	5.45	33.46	155	0	800
252392	3588029	3	252892	3584735.6	4170.23	0	5.31	37006.91	0	133.15	210.01	8.63	57	51.14	5.45	33.41	159	0	800
248786	3586901	3	249286	3583622.2	4125.12	0	5.29	37006.78	0	133.11	210.01	8.67	57	51.15	5.45	33.41	163	0	800
236938	3590083	3	237438	3586852.2	4066.66	0	5.2	37010.58	0	132.97	210.01	8.8	57	51.08	5.45	33.46	171	0	800
236913	3590085	3	237413	3586854.3	4066.6	0	5.2	37010.59	0	132.97	210.01	8.8	57	51.08	5.45	33.46	172	0	800
234110	3589535	3	234610	3586315.3	4043.47	0	5.19	37010.7	0	132.94	210.01	8.83	57	51.08	5.45	33.46	190	0	800
235322	3589654	3	235822	3586429.5	4052.58	0	5.19	37010.58	0	132.95	210.01	8.81	57	51.08	5.45	33.46	194	0	800
242171	3566080	3	242671	3562825.9	4120.64	0	5.27	36995.16	0	133.08	210.01	8.74	57	51.33	5.42	33.24	196	0	800
235321	3589606	3	235821	3586381.5	4052.65	0	5.19	37010.55	0	132.95	210.01	8.81	57	51.08	5.45	33.46	197	0	800
235297	3589601	3	235797	3586376.6	4052.3	0	5.19	37010.55	0	132.96	210.01	8.81	57	51.08	5.45	33.46	198	0	800
242171	3566080	3	242671	3562825.9	4120.64	0	5.27	36995.16	0	133.08	210.01	8.74	57	51.33	5.42	33.24	209	0	800
243849	3595226	3	244349	3591968.1	4116.62	0	5.24	37012.63	0	133.04	210.01	8.73	57	51.05	5.46	33.49	212	0	800
245434	3596300	3	245934	3593035.8	4098.96	0	5.25	37013.04	0	133.05	210.01	8.71	57	51.04	5.46	33.5	216	0	800
246722	3594973	3	247222	3591703.5	4114.23	0	5.26	37012.03	0	133.07	210.01	8.69	57	51.06	5.46	33.48	220	0	800
243288	3594768	3	243788	3591512.3	4116.91	0	5.24	37012.44	0	133.03	210.01	8.73	57	51.05	5.46	33.49	224	0	800
243288	3594768	3	243788	3591512.3	4116.91	0	5.24	37012.44	0	133.03	210.01	8.73	57	51.05	5.46	33.49	225	0	800
248817	3601023	3	249317	3597745.5	4113.02	0	5.27	37015.4	0	133.08	210.01	8.67	57	51.01	5.46	33.53	231	0	800
242116	3594222	3	242616	3590971	4113.96	0	5.23	37012.29	0	133.02	210.01	8.74	57	51.06	5.46	33.49	235	0	800
248227	3592965	3	248727	3589689.1	4133.98	0	5.28	37010.57	0	133.09	210.01	8.68	57	51.08	5.45	33.46	239	0	800
248817	3601023	3	249317	3597745.5	4113.02	0	5.27	37015.4	0	133.08	210.01	8.67	57	51.01	5.46	33.53	243	0	800
248817	3601023	3	249317	3597745.5	4113.02	0	5.27	37015.4	0	133.08	210.01	8.67	57	51.01	5.46	33.53	244	0	800
245752	3596627	3	246252	3593361.6	4099.11	0	5.25	37013.19	0	133.06	210.01	8.71	57	51.04	5.46	33.5	254	0	800
245592	3596500	3	246092	3593235.2	4090.6	0	5.25	37013.14	0	133.05	210.01	8.71	57	51.04	5.46	33.5	261	0	800
243588	3594987	3	244088	3591730.1	4115.81	0	5.24	37012.53	0	133.03	210.01	8.73	57	51.05	5.46	33.49	268	0	800
242765	3594309	3	243265	3591055.4	4125.97	0	5.24	37012.24	0	133.03	210.01	8.74	57	51.06	5.46	33.49	282	0	800
241806	3594222	3	242306	3590972.2	4108.43	0	5.23	37012.34	0	133.02	210.01	8.75	57	51.06	5.46	33.49	289	0	800
249540	3601245	3	250040	3597964.6	4115.86	0	5.27	37015.42	0	133.09	210.01	8.67	57	51.01	5.46	33.53	296	0	800
241559	3594254	3	242059	3591005.2	4106.08	0	5.23	37012.4	0	133.01	210.01	8.75	57	51.05	5.46	33.49	299	0	800
241342	3594238	3	241842	3590990.1	4101.2	0	5.23	37012.42	0	133.01	210.01	8.75	57	51.05	5.46	33.49	300	0	800
244209	3595525	3	244709	3592265.7	4107.34	0	5.25	37012.76	0	133.04	210.01	8.72	57	51.05	5.46	33.49	308	0	800
247609	3594550	3	248109	3591276.8	4114.71	0	5.27	37011.63	0	133.08	210.01	8.69	57	51.07	5.45	33.48	311	0	800
235080	3592265	3	235580	3589041.8	4098.75	0	5.19	37012.21	0	132.95	210.01	8.82	57	51.06	5.46	33.49	324	0	800
237094	3593136	3	237594	3589904.9	4097.16	0	5.2	37012.42	0	132.97	210.01	8.8	57	51.05	5.46	33.49	325	0	800
243985	3595281	3	244485	3592022.6	4111.35	0	5.24	37012.65	0	133.04	210.01	8.72	57	51.05	5.46	33.49	343	0	800
235524	3592560	3	236024	3589335	4102.52	0	5.19	37012.32	0	132.95	210.01	8.81	57	51.06	5.46	33.49	347	0	800
235867	3592650	3	236367	3589423.7	4101.08	0	5.19	37012.32	0	132.95	210.01	8.81	57	51.06	5.46	33.49	349	0	800
236524	3592943	3	237024	3589714.1	4099.45	0	5.2	37012.39	0	132.96	210.01	8.8	57	51.05	5.46	33.49	350	0	800
236501	3592932	3	237001	3589703.2	4098.9	0	5.2	37012.39	0	132.96	210.01	8.8	57	51.05	5.46	33.49	351	0	800
235867	3592650	3	236367	3589423.7	4101.08	0	5.19	37012.32	0	132.95	210.01	8.81	57	51.06	5.46	33.49	363	0	800
243661	3600604	3	244161	3597347.4	4081.25	0	5.24	37015.95	0	133.02	210.01	8.73	57	51	5.46	33.54	366	0	800
244245	3600102	3	244745	3596843	4083.98	0	5.24	37015.55	0	133.03	210.01	8.72	57	51	5.46	33.53	370	0	800
240299	3601752	3	240799	3598509	4057.8	0	5.21	37017.18	0	132.98	210.01	8.76	57	50.98	5.47	33.56	374	0	800
244923	3600431	3	245423	3597169.3	4091.2	0	5.24	37015.65	0	133.04	210.01	8.72	57	51	5.46	33.54	378	0	800
244899	3600425	3	245399	3597163.4	4091.08	0	5.24	37015.65	0	133.04	210.01	8.72	57	51	5.46	33.54	379	0	800
254444	3602451	3	254944	3599150.6	4182.13	0	5.3	37015.39	0	133.14	210.01	8.61	57	51.01	5.46	33.53	385	0	800
251320	3604372	3	251820	3601084.6	4148.18	0	5.28	37017.06	0	133.1	210.01	8.65	57	50.98	5.47	33.56	389	0	800
257416	3596416	3	257916	3593102.6	4147.85	0	5.33	37011.24	0	133.19	210.01	8.58	57	51.07	5.45	33.47	393	0	800
254581	3602423	3	255081	3599122	4181.87	0	5.31	37015.36	0	133.14	210.01	8.61	57	51.01	5.46	33.53	397	0	800
254597	3602442	3	255097	3599140.9	4181.97	0	5.31	37015.36	0	133.14	210.01	8.61	57	51.01	5.46	33.53	398	0	800
242830	3565307	3	243330	3562050.1	4123.98	0	5.28	36994.59	0	133.09	210.01	8.73	57	51.34	5.42	33.23	408	0	800
240299	3601752	3	240799	3598509	4057.8	0	5.21	37017.18	0	132.98	210.01	8.76	57	50.98	5.47	33.56	415	0	800
240299	3601752	3	240799	3598509	4057.8	0	5.21	37017.18	0	132.98	210.01	8.76	57	50.98	5.47	33.56	422	0	800
238306	3601159	3	238806	3597923.9	4053.26	0	5.2	37017.13	0	132.96	210.01	8.79	57	50.98	5.47	33.56	436	0	800
238306	3601159	3	238806	3597923.9	4053.26	0	5.2	37017.13	0	132.96	210.01	8.79	57	50.98	5.47	33.56	443	0	800
256520	3597018	3	257020	3593708.4	4142	0	5.33	37011.75	0	133.17	210.01	8.59	57	51.07	5.45	33.48	450	0	800
256991	3596970	3	257491	3593658.4	4146.01	0	5.33	37011.65	0	133.18	210.01	8.59	57	51.07	5.45	33.48	453	0	800
257002	3597018	3	257502	3593706.4	4145.63	0	5.33	37011.68	0	133.18	210.01	8.59	57	51.07	5.45	33.48	454	0	800
248865	3607779	3	249365	3604502	4130.4	0	5.26	37019.52	0	133.07	210.01	8.68	57	50.94	5.47	33.59	462	0	800
244934	3600471	3	245434	3597209.3	4091.2	0	5.24	37015.67	0	133.04	210.01	8.72	57	51	5.46	33.54	466	0	800
247813	3599462	3	248313	3596188.5	4110.1	0	5.26	37014.6	0	133.07	210.01	8.68	57	51.02	5.46	33.52	470	0	800
239612	3599565	3	240112	3596324.5	4076.77	0	5.21	37015.95	0	132.98	210.01	8.77	57	51	5.46	33.54	478	0	800
239595	3599583	3	240095	3596342.6	4077.35	0	5.21	37015.96	0	132.98	210.01	8.77	57	51	5.46	33.54	479	0	800
242209	3565991	3	242709	3562736.7	4121.98	0	5.27	36995.1	0	133.08	210.01	8.73	57	51.34	5.42	33.24	497	0	800
239417	3600859	3	239917	3597619.5	4058.21	0	5.21	37016.77	0	132.98	210.01	8.77	57	50.98	5.46	33.55	501	0	800
242209	3565991	3	242709	3562736.7	4121.98	0	5.27	36995.1	0	133.08	210.01	8.73	57	51.34	5.42	33.24	503	0	800
239207	3600651	3	239707	3597412.3	4059.75	0	5.21	37016.68	0	132.97	210.01	8.78	57	50.99	5.46	33.55	504	0	800
239187	3600666	3	239687	3597427.3	4059.1	0	5.21	37016.69	0	132.97	210.01	8.78	57	50.99	5.46	33.55	505	0	800
242209	3565991	3	242709	3562736.7	4121.98	0	5.27	36995.1	0	133.08	210.01	8.73	57	51.34	5.42	33.24	517	0	800
234107	3583431	3	234607	3580210.7	4050.94	0	5.19	37006.98	0	132.95	210.01	8.83	57	51.14	5.45	33.41	636	0	800
233386	3585316	3	233886	3582098.7	4042.27	0	5.19	37008.24	0	132.94	210.01	8.83	57	51.12	5.45	33.43	637	0	800
234804	3590046	3	235304	3586823.6	4052.12	0	5.19	37010.9	0	132.95	210.01	8.82	57	51.08	5.45	33.47	668	0	800
234804	3590046	3	235304	3586823.6	4052.12	0	5.19	37010.9	0	132.95	210.01	8.82	57	51.08	5.45	33.47	675	0	800
236367	3590158	3	236867	3586929.5	4065.06	0	5.2	37010.72	0	132.97	210.01	8.8	57	51.08	5.45	33.47	682	0	800
234239	3588517	3	234739	3585296.7	4041.72	0	5.19	37010.06	0	132.94	210.01	8.83	57	51.09	5.45	33.46	703	0	800
240895	3595813	3	241395	3592567	4105.73	0	5.22	37013.46	0	133	210.01	8.76	57	51.04	5.46	33.5	710	0	800
240538	3594332	3	241038	3591087.3	4110.53	0	5.22	37012.61	0	133	210.01	8.76	57	51.05	5.46	33.49	717	0	800
237920	3600595	3	238420	3597361.4	4050.3	0	5.2	37016.85	0	132.96	210.01	8.79	57	50.98	5.46	33.55	738	0	800
242930	3564732	3	243430	3561474.7	4124.97	0	5.28	36994.22	0	133.09	210.01	8.73	57	51.35	5.42	33.23	745	0	800
242209	3565991	3	242709	3562736.7	4121.98	0	5.27	36995.1	0	133.08	210.01	8.73	57	51.34	5.42	33.24	752	0	800
232675	3587805	3	233175	3584590.8	4035.72	0	5.18	37009.87	0	132.93	210.01	8.84	57	51.1	5.45	33.45	755	0	800
232675	3587755	3	233175	3584540.8	4035.8	0	5.18	37009.84	0	132.93	210.01	8.84	57	51.1	5.45	33.45	756	0	800
236367	3590108	3	236867	3586879.5	4064.32	0	5.2	37010.69	0	132.96	210.01	8.8	57	51.08	5.45	33.46	799	0	800
233184	3590253	3	233684	3587037	4059	0	5.18	37011.28	0	132.93	210.01	8.84	57	51.07	5.45	33.47	809	0	800
233134	3590253	3	233634	3587037.2	4057.42	0	5.18	37011.29	0	132.93	210.01	8.84	57	51.07	5.45	33.47	810	0	800
233330	3589400	3	233830	3586183.4	4041.17	0	5.18	37010.74	0	132.93	210.01	8.84	57	51.08	5.45	33.47	833	0	800
233280	3589400	3	233780	3586183.6	4041.31	0	5.18	37010.75	0	132.93	210.01	8.84	57	51.08	5.45	33.47	834	0	800
233230	3589400	3	233730	3586183.7	4041.12	0	5.18	37010.75	0	132.93	210.01	8.84	57	51.08	5.45	33.47	835	0	800
233330	3588900	3	233830	3585683.3	4041.21	0	5.18	37010.43	0	132.93	210.01	8.84	57	51.09	5.45	33.46	849	0	800
233280	3588900	3	233780	3585683.5	4041.15	0	5.18	37010.44	0	132.93	210.01	8.84	57	51.09	5.45	33.46	850	0	800
233230	3588900	3	233730	3585683.7	4040.9	0	5.18	37010.45	0	132.93	210.01	8.84	57	51.09	5.45	33.46	851	0	800
233180	3588900	3	233680	3585683.9	4040.64	0	5.18	37010.46	0	132.93	210.01	8.84	57	51.09	5.45	33.46	852	0	800
242700	3566822	3	243200	3563565.8	4118.28	0	5.27	36995.52	0	133.08	210.01	8.73	57	51.33	5.42	33.25	1	0	1081
243000	3566822	3	243500	3563564.6	4121.88	0	5.27	36995.48	0	133.09	210.01	8.73	57	51.33	5.42	33.25	5	0	1081
242700	3566690	3	243200	3563433.8	4118.49	0	5.27	36995.44	0	133.08	210.01	8.73	57	51.33	5.42	33.25	7	0	1081
242700	3566665	3	243200	3563408.8	4118.53	0	5.27	36995.43	0	133.08	210.01	8.73	57	51.33	5.42	33.25	8	0	1081
242700	3566640	3	243200	3563383.8	4106.9	0	5.27	36995.41	0	133.09	210.01	8.73	57	51.33	5.42	33.25	9	0	1081
242700	3566615	3	243200	3563358.8	4112.28	0	5.27	36995.4	0	133.08	210	8.73	57	51.33	5.42	33.25	10	0	1081
242700	3566590	3	243200	3563333.8	4118.65	0	5.27	36995.38	0	133.08	210.01	8.73	57	51.33	5.42	33.25	11	0	1081
242848	3566690	3	243348	3563433.2	4121.28	0	5.27	36995.42	0	133.09	210.01	8.73	57	51.33	5.42	33.25	13	0	1081
242848	3566615	3	243348	3563358.2	4122.32	0	5.27	36995.38	0	133.09	210.01	8.73	57	51.33	5.42	33.25	16	0	1081
242848	3566565	3	243348	3563308.2	4122.4	0	5.27	36995.35	0	133.09	210.01	8.73	57	51.33	5.42	33.24	18	0	1081
242848	3566427	3	243348	3563170.2	4122.62	0	5.27	36995.26	0	133.09	210.01	8.73	57	51.33	5.42	33.24	26	0	1081
235742	3589806	3	236242	3586579.9	4056.21	0	5.2	37010.6	0	132.96	210.01	8.81	57	51.08	5.45	33.46	29	0	1081
252057	3595158	3	252557	3591866.7	4130.7	0	5.3	37011.31	0	133.13	210.01	8.64	57	51.07	5.45	33.47	31	0	1081
238807	3600726	3	239307	3597488.9	4053.26	0	5.2	37016.79	0	132.97	210.01	8.78	57	50.98	5.46	33.55	33	0	1081
242648	3566327	3	243148	3563071	4120.79	0	5.27	36995.23	0	133.08	210.01	8.73	57	51.33	5.42	33.24	38	0	1081
242648	3566302	3	243148	3563046	4120.83	0	5.27	36995.22	0	133.08	210.01	8.73	57	51.33	5.42	33.24	39	0	1081
242648	3566277	3	243148	3563021	4120.87	0	5.27	36995.2	0	133.08	210.01	8.73	57	51.33	5.42	33.24	40	0	1081
243048	3566427	3	243548	3563169.4	4122.85	0	5.28	36995.23	0	133.09	210.01	8.73	57	51.33	5.42	33.24	46	0	1081
242948	3566427	3	243448	3563169.8	4122.39	0	5.27	36995.25	0	133.09	210.01	8.73	57	51.33	5.42	33.24	55	0	1081
242948	3566402	3	243448	3563144.8	4122.35	0	5.27	36995.23	0	133.09	210.01	8.73	57	51.33	5.42	33.24	56	0	1081
234410	3590436	3	234910	3587215.2	4061.07	0	5.19	37011.2	0	132.94	210.01	8.82	57	51.07	5.45	33.47	59	0	1081
244351	3590043	3	244851	3586782.5	4099.15	0	5.25	37009.39	0	133.05	210.01	8.72	57	51.1	5.45	33.45	63	0	1081
236537	3586095	3	237037	3582865.4	4058.46	0	5.21	37008.22	0	132.97	210.01	8.8	57	51.12	5.45	33.43	67	0	1081
238981	3591893	3	239481	3588654.3	4087.21	0	5.22	37011.36	0	132.99	210.01	8.78	57	51.07	5.45	33.47	71	0	1081
238957	3591886	3	239457	3588647.4	4087.09	0	5.22	37011.36	0	132.99	210.01	8.78	57	51.07	5.45	33.47	72	0	1081
238285	3585420	3	238785	3582183.4	4067.66	0	5.22	37007.53	0	133	210.01	8.78	57	51.13	5.45	33.42	78	0	1081
242379	3563957	3	242879	3560701.8	4122.11	0	5.27	36993.84	0	133.09	210.01	8.73	57	51.36	5.42	33.22	82	0	1081
240310	3589893	3	240810	3586648.7	4086.03	0	5.23	37009.94	0	133.01	210.01	8.76	57	51.09	5.45	33.45	86	0	1081
237210	3584404	3	237710	3581171.5	4068.62	0	5.21	37007.08	0	132.99	210.01	8.79	57	51.14	5.45	33.41	93	0	1081
250268	3589764	3	250768	3586479.5	4151.75	0	5.29	37008.29	0	133.12	210.01	8.66	57	51.12	5.45	33.43	101	0	1081
250320	3589740	3	250820	3586455.2	4152.29	0	5.29	37008.27	0	133.12	210.01	8.66	57	51.12	5.45	33.43	108	0	1081
234585	3590286	3	235085	3587064.5	4057.95	0	5.19	37011.08	0	132.94	210.01	8.82	57	51.08	5.45	33.47	115	0	1081
241073	3589010	3	241573	3585762.6	4083.72	0	5.23	37009.28	0	133.02	210.01	8.75	57	51.11	5.45	33.44	129	0	1081
241371	3589039	3	241871	3585790.4	4087.8	0	5.23	37009.25	0	133.02	210.01	8.75	57	51.11	5.45	33.44	136	0	1081
239188	3579828	3	239688	3576587.2	4082.17	0	5.23	37003.98	0	133.02	210.01	8.77	57	51.19	5.44	33.37	143	0	1081
239870	3589442	3	240370	3586199.5	4082.38	0	5.22	37009.73	0	133	210.01	8.77	57	51.1	5.45	33.45	146	0	1081
239820	3589448	3	240320	3586205.7	4082.35	0	5.22	37009.74	0	133	210.01	8.77	57	51.1	5.45	33.45	147	0	1081
246717	3591856	3	247217	3588586.2	4130.66	0	5.27	37010.13	0	133.08	210.01	8.69	57	51.09	5.45	33.46	155	0	1081
252392	3588029	3	252892	3584735.6	4170.23	0	5.31	37006.91	0	133.15	210.01	8.63	57	51.14	5.45	33.41	159	0	1081
248786	3586901	3	249286	3583622.2	4125.12	0	5.29	37006.78	0	133.11	210.01	8.67	57	51.15	5.45	33.41	163	0	1081
236938	3590083	3	237438	3586852.2	4066.66	0	5.2	37010.58	0	132.97	210.01	8.8	57	51.08	5.45	33.46	171	0	1081
236913	3590085	3	237413	3586854.3	4066.6	0	5.2	37010.59	0	132.97	210.01	8.8	57	51.08	5.45	33.46	172	0	1081
234110	3589535	3	234610	3586315.3	4043.47	0	5.19	37010.7	0	132.94	210.01	8.83	57	51.08	5.45	33.46	190	0	1081
235322	3589654	3	235822	3586429.5	4052.58	0	5.19	37010.58	0	132.95	210.01	8.81	57	51.08	5.45	33.46	194	0	1081
235346	3589611	3	235846	3586386.4	4052.77	0	5.19	37010.55	0	132.95	210.01	8.81	57	51.08	5.45	33.46	196	0	1081
235321	3589606	3	235821	3586381.5	4052.65	0	5.19	37010.55	0	132.95	210.01	8.81	57	51.08	5.45	33.46	197	0	1081
235297	3589601	3	235797	3586376.6	4052.3	0	5.19	37010.55	0	132.96	210.01	8.81	57	51.08	5.45	33.46	198	0	1081
235346	3589461	3	235846	3586236.4	4051.23	0	5.19	37010.46	0	132.96	210.01	8.81	57	51.09	5.45	33.46	209	0	1081
248862	3595981	3	249362	3592702.8	4120.2	0	5.28	37012.31	0	133.09	210.01	8.67	57	51.06	5.46	33.49	212	0	1081
254216	3598182	3	254716	3594882.1	4137.6	0	5.31	37012.82	0	133.15	210.01	8.62	57	51.05	5.46	33.5	216	0	1081
246722	3594973	3	247222	3591703.5	4114.23	0	5.26	37012.03	0	133.07	210.01	8.69	57	51.06	5.46	33.48	220	0	1081
248639	3596682	3	249139	3593404.8	4117.35	0	5.27	37012.77	0	133.09	210.01	8.67	57	51.05	5.46	33.49	224	0	1081
248617	3596694	3	249117	3593416.9	4116.76	0	5.27	37012.78	0	133.09	210.01	8.67	57	51.05	5.46	33.49	225	0	1081
252566	3593827	3	253066	3590533.4	4118.69	0	5.3	37010.42	0	133.13	210.01	8.63	57	51.09	5.45	33.46	231	0	1081
251843	3597031	3	252343	3593740.7	4128.4	0	5.29	37012.49	0	133.12	210.01	8.64	57	51.05	5.46	33.49	235	0	1081
248227	3592965	3	248727	3589689.1	4133.98	0	5.28	37010.57	0	133.09	210.01	8.68	57	51.08	5.45	33.46	239	0	1081
254556	3597345	3	255056	3594043.6	4138.58	0	5.31	37012.26	0	133.15	210.01	8.61	57	51.06	5.46	33.49	243	0	1081
254587	3597384	3	255087	3594082.5	4138.88	0	5.31	37012.27	0	133.15	210.01	8.61	57	51.06	5.46	33.49	244	0	1081
251384	3595565	3	251884	3592276.5	4128.42	0	5.29	37011.66	0	133.12	210.01	8.65	57	51.07	5.45	33.48	254	0	1081
251763	3595215	3	252263	3591924.9	4129.02	0	5.3	37011.39	0	133.13	210.01	8.64	57	51.07	5.45	33.47	261	0	1081
250046	3596589	3	250546	3593306.1	4120.59	0	5.28	37012.5	0	133.1	210.01	8.66	57	51.05	5.46	33.49	268	0	1081
249962	3594941	3	250462	3591658.2	4123.43	0	5.28	37011.5	0	133.11	210.01	8.66	57	51.07	5.45	33.48	282	0	1081
250712	3594839	3	251212	3591553.2	4128.17	0	5.29	37011.32	0	133.11	210.01	8.65	57	51.07	5.45	33.47	289	0	1081
252291	3593803	3	252791	3590510.6	4127.11	0	5.3	37010.44	0	133.13	210.01	8.64	57	51.09	5.45	33.46	296	0	1081
250969	3596783	3	251469	3593496.3	4112.83	0	5.29	37012.47	0	133.11	210.01	8.65	57	51.05	5.46	33.49	299	0	1081
250963	3596807	3	251463	3593520.3	4121.95	0	5.29	37012.49	0	133.12	210.02	8.65	57	51.05	5.46	33.49	300	0	1081
248799	3596731	3	249299	3593453.2	4115.95	0	5.27	37012.78	0	133.09	210.01	8.67	57	51.05	5.46	33.49	308	0	1081
248036	3594569	3	248536	3591294.1	4110.13	0	5.27	37011.58	0	133.09	210.01	8.68	57	51.07	5.45	33.48	311	0	1081
237144	3593140	3	237644	3589908.7	4099.41	0	5.2	37012.42	0	132.97	210.01	8.8	57	51.05	5.46	33.49	324	0	1081
237094	3593136	3	237594	3589904.9	4097.16	0	5.2	37012.42	0	132.97	210.01	8.8	57	51.05	5.46	33.49	325	0	1081
246274	3595788	3	246774	3592520.4	4104.66	0	5.26	37012.6	0	133.06	210.01	8.7	57	51.05	5.46	33.49	343	0	1081
257023	3599918	3	257523	3596606.6	4164.11	0	5.33	37013.44	0	133.18	210.01	8.59	57	51.04	5.46	33.5	347	0	1081
256859	3600035	3	257359	3596724.3	4164.2	0	5.32	37013.54	0	133.17	210.01	8.59	57	51.04	5.46	33.51	349	0	1081
256838	3600048	3	257338	3596737.4	4163.88	0	5.32	37013.55	0	133.17	210.01	8.59	57	51.04	5.46	33.51	350	0	1081
256817	3600062	3	257317	3596751.5	4163.62	0	5.32	37013.56	0	133.17	210.01	8.59	57	51.04	5.46	33.51	351	0	1081
256645	3600176	3	257145	3596866.2	4162.47	0	5.32	37013.66	0	133.17	210.01	8.59	57	51.03	5.46	33.51	363	0	1081
246003	3601569	3	246503	3598303	4100.15	0	5.25	37016.17	0	133.05	210.01	8.7	57	50.99	5.46	33.54	366	0	1081
247309	3599646	3	247809	3596374.5	4105.13	0	5.26	37014.79	0	133.07	210.01	8.69	57	51.02	5.46	33.52	370	0	1081
250266	3600608	3	250766	3597324.6	4121.44	0	5.28	37014.92	0	133.1	210.01	8.66	57	51.01	5.46	33.53	374	0	1081
244923	3600431	3	245423	3597169.3	4091.2	0	5.24	37015.65	0	133.04	210.01	8.72	57	51	5.46	33.54	378	0	1081
244899	3600425	3	245399	3597163.4	4091.08	0	5.24	37015.65	0	133.04	210.01	8.72	57	51	5.46	33.54	379	0	1081
257179	3598966	3	257679	3595653.9	4148.66	0	5.33	37012.84	0	133.18	210.01	8.58	57	51.05	5.46	33.5	385	0	1081
253428	3601942	3	253928	3598645.7	4166.07	0	5.3	37015.24	0	133.13	210.02	8.63	57	51.01	5.46	33.53	389	0	1081
258525	3593046	3	259025	3589727.6	4180.3	0	5.35	37009.01	0	133.21	210.01	8.57	57	51.11	5.45	33.44	393	0	1081
254581	3602423	3	255081	3599122	4181.87	0	5.31	37015.36	0	133.14	210.01	8.61	57	51.01	5.46	33.53	397	0	1081
254597	3602442	3	255097	3599140.9	4181.97	0	5.31	37015.36	0	133.14	210.01	8.61	57	51.01	5.46	33.53	398	0	1081
242830	3565307	3	243330	3562050.1	4123.98	0	5.28	36994.59	0	133.09	210.01	8.73	57	51.34	5.42	33.23	408	0	1081
249956	3599180	3	250456	3595897.7	4118.23	0	5.28	37014.09	0	133.1	210.01	8.66	57	51.03	5.46	33.51	415	0	1081
250744	3600021	3	251244	3596735.6	4123.18	0	5.28	37014.48	0	133.1	210.01	8.65	57	51.02	5.46	33.52	422	0	1081
254632	3592589	3	255132	3589286.8	4132.74	0	5.32	37009.34	0	133.16	210.01	8.61	57	51.1	5.45	33.45	436	0	1081
254373	3593022	3	254873	3589720.9	4132.64	0	5.32	37009.64	0	133.16	210.01	8.61	57	51.1	5.45	33.45	443	0	1081
254537	3591710	3	255037	3588408.1	4134.69	0	5.32	37008.82	0	133.16	210.01	8.61	57	51.11	5.45	33.44	450	0	1081
256991	3596970	3	257491	3593658.4	4146.01	0	5.33	37011.65	0	133.18	210.01	8.59	57	51.07	5.45	33.48	453	0	1081
257003	3597018	3	257503	3593706.4	4145.63	0	5.33	37011.68	0	133.18	210.01	8.59	57	51.07	5.45	33.48	454	0	1081
248865	3607779	3	249365	3604502	4130.4	0	5.26	37019.52	0	133.07	210.01	8.68	57	50.94	5.47	33.59	462	0	1081
244934	3600471	3	245434	3597209.3	4091.2	0	5.24	37015.67	0	133.04	210.01	8.72	57	51	5.46	33.54	466	0	1081
257213	3595169	3	257713	3591856.3	4150.72	0	5.33	37010.51	0	133.19	210.01	8.58	57	51.09	5.45	33.46	470	0	1081
239612	3599565	3	240112	3596324.5	4076.77	0	5.21	37015.95	0	132.98	210.01	8.77	57	51	5.46	33.54	478	0	1081
239595	3599583	3	240095	3596342.6	4077.35	0	5.21	37015.96	0	132.98	210.01	8.77	57	51	5.46	33.54	479	0	1081
242209	3565991	3	242709	3562736.7	4121.98	0	5.27	36995.1	0	133.08	210.01	8.73	57	51.34	5.42	33.24	497	0	1081
239417	3600859	3	239917	3597619.5	4058.21	0	5.21	37016.77	0	132.98	210.01	8.77	57	50.98	5.46	33.55	501	0	1081
239227	3600637	3	239727	3597398.2	4059.43	0	5.21	37016.67	0	132.97	210.01	8.78	57	50.99	5.46	33.55	503	0	1081
239207	3600651	3	239707	3597412.3	4059.75	0	5.21	37016.68	0	132.97	210.01	8.78	57	50.99	5.46	33.55	504	0	1081
239187	3600666	3	239687	3597427.3	4059.1	0	5.21	37016.69	0	132.97	210.01	8.78	57	50.99	5.46	33.55	505	0	1081
239606	3601062	3	240106	3597821.7	4066.44	0	5.21	37016.87	0	132.98	210.01	8.77	57	50.98	5.46	33.55	517	0	1081
233387	3585341	3	233887	3582123.7	4042.24	0	5.19	37008.26	0	132.94	210.01	8.83	57	51.12	5.45	33.43	636	0	1081
233386	3585316	3	233886	3582098.7	4042.27	0	5.19	37008.24	0	132.94	210.01	8.83	57	51.12	5.45	33.43	637	0	1081
234804	3590046	3	235304	3586823.6	4052.12	0	5.19	37010.9	0	132.95	210.01	8.82	57	51.08	5.45	33.47	668	0	1081
234804	3590046	3	235304	3586823.6	4052.12	0	5.19	37010.9	0	132.95	210.01	8.82	57	51.08	5.45	33.47	675	0	1081
236367	3590158	3	236867	3586929.5	4065.06	0	5.2	37010.72	0	132.97	210.01	8.8	57	51.08	5.45	33.47	682	0	1081
235069	3592886	3	235569	3589662.9	4102.69	0	5.19	37012.59	0	132.94	210.01	8.82	57	51.05	5.46	33.49	703	0	1081
240895	3595813	3	241395	3592567	4105.73	0	5.22	37013.46	0	133	210.01	8.76	57	51.04	5.46	33.5	710	0	1081
240538	3594332	3	241038	3591087.3	4110.53	0	5.22	37012.61	0	133	210.01	8.76	57	51.05	5.46	33.49	717	0	1081
237920	3600595	3	238420	3597361.4	4050.3	0	5.2	37016.85	0	132.96	210.01	8.79	57	50.98	5.46	33.55	738	0	1081
242930	3564732	3	243430	3561474.7	4124.97	0	5.28	36994.22	0	133.09	210.01	8.73	57	51.35	5.42	33.23	745	0	1081
237963	3601414	3	238463	3598180.3	4053.07	0	5.2	37017.34	0	132.96	210.01	8.79	57	50.97	5.47	33.56	752	0	1081
232675	3587805	3	233175	3584590.8	4035.72	0	5.18	37009.87	0	132.93	210.01	8.84	57	51.1	5.45	33.45	755	0	1081
232675	3587755	3	233175	3584540.8	4035.8	0	5.18	37009.84	0	132.93	210.01	8.84	57	51.1	5.45	33.45	756	0	1081
236367	3590108	3	236867	3586879.5	4064.32	0	5.2	37010.69	0	132.96	210.01	8.8	57	51.08	5.45	33.46	799	0	1081
233184	3590253	3	233684	3587037	4059	0	5.18	37011.28	0	132.93	210.01	8.84	57	51.07	5.45	33.47	809	0	1081
233134	3590253	3	233634	3587037.2	4057.42	0	5.18	37011.29	0	132.93	210.01	8.84	57	51.07	5.45	33.47	810	0	1081
233330	3589400	3	233830	3586183.4	4041.17	0	5.18	37010.74	0	132.93	210.01	8.84	57	51.08	5.45	33.47	833	0	1081
233280	3589400	3	233780	3586183.6	4041.31	0	5.18	37010.75	0	132.93	210.01	8.84	57	51.08	5.45	33.47	834	0	1081
233230	3589400	3	233730	3586183.7	4041.12	0	5.18	37010.75	0	132.93	210.01	8.84	57	51.08	5.45	33.47	835	0	1081
233330	3588900	3	233830	3585683.3	4041.21	0	5.18	37010.43	0	132.93	210.01	8.84	57	51.09	5.45	33.46	849	0	1081
233280	3588900	3	233780	3585683.5	4041.15	0	5.18	37010.44	0	132.93	210.01	8.84	57	51.09	5.45	33.46	850	0	1081
233230	3588900	3	233730	3585683.7	4040.9	0	5.18	37010.45	0	132.93	210.01	8.84	57	51.09	5.45	33.46	851	0	1081
233180	3588900	3	233680	3585683.9	4040.64	0	5.18	37010.46	0	132.93	210.01	8.84	57	51.09	5.45	33.46	852	0	1081
