1081.000000 1 242700.000000 3566822.000000 3.000000
1081.000000 2 238084.000000 3593003.000000 3.000000
1081.000000 4 238060.000000 3592999.000000 3.000000
1081.000000 5 243000.000000 3566822.000000 3.000000
1081.000000 6 243000.000000 3566797.000000 3.000000
1081.000000 7 242700.000000 3566690.000000 3.000000
1081.000000 8 242700.000000 3566665.000000 3.000000
1081.000000 9 242700.000000 3566640.000000 3.000000
1081.000000 10 242700.000000 3566615.000000 3.000000
1081.000000 11 242700.000000 3566590.000000 3.000000
1081.000000 12 242700.000000 3566565.000000 3.000000
1081.000000 13 242848.000000 3566690.000000 3.000000
1081.000000 14 242848.000000 3566665.000000 3.000000
1081.000000 15 242848.000000 3566640.000000 3.000000
1081.000000 16 242848.000000 3566615.000000 3.000000
1081.000000 17 242848.000000 3566590.000000 3.000000
1081.000000 18 242848.000000 3566565.000000 3.000000
1081.000000 19 242848.000000 3566540.000000 3.000000
1081.000000 20 242848.000000 3566822.000000 3.000000
1081.000000 21 242848.000000 3566797.000000 3.000000
1081.000000 22 242848.000000 3566747.000000 3.000000
1081.000000 23 243000.000000 3566690.000000 3.000000
1081.000000 24 243000.000000 3566665.000000 3.000000
1081.000000 25 243000.000000 3566640.000000 3.000000
1081.000000 26 242848.000000 3566427.000000 3.000000
1081.000000 27 242848.000000 3566402.000000 3.000000
1081.000000 28 235767.000000 3589808.000000 3.000000
1081.000000 29 235742.000000 3589806.000000 3.000000
1081.000000 30 252062.000000 3595134.000000 3.000000
1081.000000 31 252057.000000 3595158.000000 3.000000
1081.000000 32 238826.000000 3600710.000000 3.000000
1081.000000 33 238807.000000 3600726.000000 3.000000
1081.000000 34 242648.000000 3566427.000000 3.000000
1081.000000 35 242648.000000 3566402.000000 3.000000
1081.000000 36 242648.000000 3566377.000000 3.000000
1081.000000 37 242648.000000 3566352.000000 3.000000
1081.000000 38 242648.000000 3566327.000000 3.000000
1081.000000 39 242648.000000 3566302.000000 3.000000
1081.000000 40 242648.000000 3566277.000000 3.000000
1081.000000 41 242648.000000 3566252.000000 3.000000
1081.000000 42 242648.000000 3566227.000000 3.000000
1081.000000 43 235767.000000 3589758.000000 3.000000
1081.000000 44 252062.000000 3595234.000000 3.000000
1081.000000 45 238826.000000 3601145.000000 3.000000
1081.000000 46 243048.000000 3566427.000000 3.000000
1081.000000 47 243048.000000 3566402.000000 3.000000
1081.000000 48 243048.000000 3566377.000000 3.000000
1081.000000 49 242748.000000 3566427.000000 3.000000
1081.000000 50 242748.000000 3566402.000000 3.000000
1081.000000 51 242748.000000 3566377.000000 3.000000
1081.000000 52 242748.000000 3566352.000000 3.000000
1081.000000 53 242748.000000 3566327.000000 3.000000
1081.000000 54 242748.000000 3566302.000000 3.000000
1081.000000 55 242948.000000 3566427.000000 3.000000
1081.000000 56 242948.000000 3566402.000000 3.000000
1081.000000 57 242948.000000 3566377.000000 3.000000
1081.000000 58 242948.000000 3566352.000000 3.000000
1081.000000 59 234410.000000 3590436.000000 3.000000
1081.000000 60 246489.000000 3590774.000000 3.000000
1081.000000 61 246687.000000 3590803.000000 3.000000
1081.000000 63 244351.000000 3590043.000000 3.000000
1081.000000 64 244261.000000 3589999.000000 3.000000
1081.000000 65 244441.000000 3590086.000000 3.000000
1081.000000 67 236537.000000 3586095.000000 3.000000
1081.000000 68 236512.000000 3586094.000000 3.000000
1081.000000 69 236537.000000 3586095.000000 3.000000
1081.000000 71 238981.000000 3591893.000000 3.000000
1081.000000 72 238957.000000 3591886.000000 3.000000
1081.000000 73 238933.000000 3591879.000000 3.000000
1081.000000 74 238909.000000 3591872.000000 3.000000
1081.000000 77 238885.000000 3591866.000000 3.000000
1081.000000 78 238285.000000 3585420.000000 3.000000
1081.000000 79 238300.000000 3585321.000000 3.000000
1081.000000 80 238270.000000 3585518.000000 3.000000
1081.000000 82 242379.000000 3563957.000000 3.000000
1081.000000 83 238665.000000 3581847.000000 3.000000
1081.000000 84 238827.000000 3581964.000000 3.000000
1081.000000 86 240310.000000 3589893.000000 3.000000
1081.000000 87 240291.000000 3589876.000000 3.000000
1081.000000 88 240310.000000 3589893.000000 3.000000
1081.000000 90 237210.000000 3584554.000000 3.000000
1081.000000 91 237210.000000 3584504.000000 3.000000
1081.000000 92 237210.000000 3584454.000000 3.000000
1081.000000 93 237210.000000 3584404.000000 3.000000
1081.000000 96 237210.000000 3584354.000000 3.000000
1081.000000 97 250307.000000 3589733.000000 3.000000
1081.000000 98 250326.000000 3589717.000000 3.000000
1081.000000 99 250288.000000 3589748.000000 3.000000
1081.000000 100 250346.000000 3589701.000000 3.000000
1081.000000 101 250268.000000 3589764.000000 3.000000
1081.000000 104 250351.000000 3589701.000000 3.000000
1081.000000 105 250367.000000 3589681.000000 3.000000
1081.000000 106 241961.000000 3565076.000000 3.000000
1081.000000 107 250382.000000 3589661.000000 3.000000
1081.000000 108 250320.000000 3589740.000000 3.000000
1081.000000 111 242807.000000 3590590.000000 3.000000
1081.000000 112 242854.000000 3590607.000000 3.000000
1081.000000 113 242901.000000 3590624.000000 3.000000
1081.000000 114 242948.000000 3590641.000000 3.000000
1081.000000 115 234585.000000 3590286.000000 3.000000
1081.000000 118 250174.000000 3589197.000000 3.000000
1081.000000 119 250189.000000 3589176.000000 3.000000
1081.000000 120 244451.000000 3585311.000000 3.000000
1081.000000 121 241504.000000 3587726.000000 3.000000
1081.000000 124 250145.000000 3589237.000000 3.000000
1081.000000 125 241052.000000 3588965.000000 3.000000
1081.000000 126 241033.000000 3588949.000000 3.000000
1081.000000 127 241063.000000 3588987.000000 3.000000
1081.000000 128 241014.000000 3588933.000000 3.000000
1081.000000 129 241073.000000 3589010.000000 3.000000
1081.000000 132 241411.000000 3589070.000000 3.000000
1081.000000 133 241434.000000 3589079.000000 3.000000
1081.000000 134 241390.000000 3589055.000000 3.000000
1081.000000 135 241366.000000 3589048.000000 3.000000
1081.000000 136 241371.000000 3589039.000000 3.000000
1081.000000 139 238330.000000 3581226.000000 3.000000
1081.000000 140 239192.000000 3579753.000000 3.000000
1081.000000 141 239191.000000 3579778.000000 3.000000
1081.000000 142 239189.000000 3579803.000000 3.000000
1081.000000 143 239188.000000 3579828.000000 3.000000
1081.000000 146 239870.000000 3589442.000000 3.000000
1081.000000 147 239820.000000 3589448.000000 3.000000
1081.000000 148 239357.000000 3589481.000000 3.000000
1081.000000 149 239722.000000 3589466.000000 3.000000
1081.000000 152 239670.000000 3589439.000000 3.000000
1081.000000 153 246677.000000 3591765.000000 3.000000
1081.000000 154 246637.000000 3591673.000000 3.000000
1081.000000 155 246717.000000 3591856.000000 3.000000
1081.000000 157 249290.000000 3589348.000000 3.000000
1081.000000 158 251894.000000 3587976.000000 3.000000
1081.000000 159 252392.000000 3588029.000000 3.000000
1081.000000 161 248772.000000 3586803.000000 3.000000
1081.000000 162 248758.000000 3586704.000000 3.000000
1081.000000 163 248786.000000 3586901.000000 3.000000
1081.000000 165 237088.000000 3590033.000000 3.000000
1081.000000 166 237101.000000 3590054.000000 3.000000
1081.000000 167 237113.000000 3590076.000000 3.000000
1081.000000 168 237126.000000 3590097.000000 3.000000
1081.000000 169 237138.000000 3590119.000000 3.000000
1081.000000 170 237151.000000 3590141.000000 3.000000
1081.000000 171 236938.000000 3590083.000000 3.000000
1081.000000 172 236913.000000 3590085.000000 3.000000
1081.000000 173 236888.000000 3590088.000000 3.000000
1081.000000 174 236863.000000 3590091.000000 3.000000
1081.000000 177 236839.000000 3590094.000000 3.000000
1081.000000 178 237912.000000 3591708.000000 3.000000
1081.000000 179 241811.000000 3565201.000000 3.000000
1081.000000 180 237892.000000 3591806.000000 3.000000
1081.000000 181 235617.000000 3590216.000000 3.000000
1081.000000 182 235622.000000 3590116.000000 3.000000
1081.000000 183 235612.000000 3590315.000000 3.000000
1081.000000 184 238979.000000 3585978.000000 3.000000
1081.000000 185 238970.000000 3585878.000000 3.000000
1081.000000 186 238988.000000 3586077.000000 3.000000
1081.000000 187 238929.000000 3585928.000000 3.000000
1081.000000 188 238907.000000 3585830.000000 3.000000
1081.000000 189 238951.000000 3586025.000000 3.000000
1081.000000 190 234110.000000 3589535.000000 3.000000
1081.000000 191 234096.000000 3589514.000000 3.000000
1081.000000 192 234081.000000 3589494.000000 3.000000
1081.000000 193 235346.000000 3589661.000000 3.000000
1081.000000 194 235322.000000 3589654.000000 3.000000
1081.000000 195 235298.000000 3589648.000000 3.000000
1081.000000 196 235346.000000 3589611.000000 3.000000
1081.000000 197 235321.000000 3589606.000000 3.000000
1081.000000 198 235297.000000 3589601.000000 3.000000
1081.000000 199 235272.000000 3589596.000000 3.000000
1081.000000 200 235346.000000 3589561.000000 3.000000
1081.000000 201 235296.000000 3589554.000000 3.000000
1081.000000 209 235346.000000 3589461.000000 3.000000
1081.000000 210 242111.000000 3564382.000000 3.000000
1081.000000 211 235296.000000 3589460.000000 3.000000
1081.000000 212 248862.000000 3595981.000000 3.000000
1081.000000 213 248854.000000 3595957.000000 3.000000
1081.000000 214 248870.000000 3596004.000000 3.000000
1081.000000 216 254216.000000 3598182.000000 3.000000
1081.000000 217 254152.000000 3598258.000000 3.000000
1081.000000 218 254280.000000 3598105.000000 3.000000
1081.000000 220 246722.000000 3594973.000000 3.000000
1081.000000 221 246722.000000 3594873.000000 3.000000
1081.000000 222 246722.000000 3595073.000000 3.000000
1081.000000 224 248639.000000 3596682.000000 3.000000
1081.000000 225 248617.000000 3596694.000000 3.000000
1081.000000 226 248596.000000 3596706.000000 3.000000
1081.000000 227 248574.000000 3596719.000000 3.000000
1081.000000 230 248552.000000 3596731.000000 3.000000
1081.000000 231 252566.000000 3593827.000000 3.000000
1081.000000 232 252488.000000 3593764.000000 3.000000
1081.000000 233 252644.000000 3593889.000000 3.000000
1081.000000 235 251843.000000 3597031.000000 3.000000
1081.000000 236 251755.000000 3597079.000000 3.000000
1081.000000 237 251931.000000 3596982.000000 3.000000
1081.000000 239 248227.000000 3592965.000000 3.000000
1081.000000 240 248232.000000 3592865.000000 3.000000
1081.000000 241 248222.000000 3593064.000000 3.000000
1081.000000 243 254556.000000 3597345.000000 3.000000
1081.000000 244 254587.000000 3597384.000000 3.000000
1081.000000 245 254617.000000 3597424.000000 3.000000
1081.000000 246 254648.000000 3597463.000000 3.000000
1081.000000 249 254678.000000 3597503.000000 3.000000
1081.000000 250 251747.000000 3595769.000000 3.000000
1081.000000 251 251387.000000 3595589.000000 3.000000
1081.000000 252 251391.000000 3595614.000000 3.000000
1081.000000 253 251394.000000 3595639.000000 3.000000
1081.000000 254 251384.000000 3595565.000000 3.000000
1081.000000 257 251763.000000 3595215.000000 3.000000
1081.000000 258 251744.000000 3595231.000000 3.000000
1081.000000 259 251725.000000 3595247.000000 3.000000
1081.000000 260 251706.000000 3595263.000000 3.000000
1081.000000 261 251763.000000 3595215.000000 3.000000
1081.000000 264 250040.000000 3596540.000000 3.000000
1081.000000 265 250037.000000 3596515.000000 3.000000
1081.000000 266 250043.000000 3596564.000000 3.000000
1081.000000 267 250034.000000 3596490.000000 3.000000
1081.000000 268 250046.000000 3596589.000000 3.000000
1081.000000 271 255498.000000 3598368.000000 3.000000
1081.000000 272 255544.000000 3598388.000000 3.000000
1081.000000 273 255589.000000 3598408.000000 3.000000
1081.000000 274 255635.000000 3598428.000000 3.000000
1081.000000 277 255681.000000 3598448.000000 3.000000
1081.000000 278 249962.000000 3594941.000000 3.000000
1081.000000 279 251087.000000 3596281.000000 3.000000
1081.000000 280 249961.000000 3594990.000000 3.000000
1081.000000 281 249961.000000 3595015.000000 3.000000
1081.000000 282 249962.000000 3594941.000000 3.000000
1081.000000 285 242400.000000 3559400.000000 3.000000
1081.000000 286 250712.000000 3594864.000000 3.000000
1081.000000 287 250712.000000 3594889.000000 3.000000
1081.000000 288 250712.000000 3594914.000000 3.000000
1081.000000 289 250712.000000 3594839.000000 3.000000
1081.000000 292 252291.000000 3593803.000000 3.000000
1081.000000 293 252283.000000 3593826.000000 3.000000
1081.000000 294 252274.000000 3593850.000000 3.000000
1081.000000 295 252266.000000 3593873.000000 3.000000
1081.000000 296 252291.000000 3593803.000000 3.000000
1081.000000 299 250969.000000 3596783.000000 3.000000
1081.000000 300 250963.000000 3596807.000000 3.000000
1081.000000 301 250871.000000 3598391.000000 3.000000
1081.000000 302 250950.000000 3596855.000000 3.000000
1081.000000 305 250943.000000 3596879.000000 3.000000
1081.000000 306 248775.000000 3596634.000000 3.000000
1081.000000 307 248751.000000 3596536.000000 3.000000
1081.000000 308 248799.000000 3596731.000000 3.000000
1081.000000 310 248026.000000 3594769.000000 3.000000
1081.000000 311 248036.000000 3594569.000000 3.000000
1081.000000 312 248016.000000 3594968.000000 3.000000
1081.000000 314 248879.000000 3593346.000000 3.000000
1081.000000 315 248978.000000 3593172.000000 3.000000
1081.000000 316 248780.000000 3593519.000000 3.000000
1081.000000 318 237118.000000 3593328.000000 3.000000
1081.000000 319 237093.000000 3593324.000000 3.000000
1081.000000 320 237139.000000 3593282.000000 3.000000
1081.000000 321 237044.000000 3593318.000000 3.000000
1081.000000 322 237019.000000 3593315.000000 3.000000
1081.000000 323 236994.000000 3593312.000000 3.000000
1081.000000 324 237144.000000 3593140.000000 3.000000
1081.000000 325 237094.000000 3593136.000000 3.000000
1081.000000 326 237044.000000 3593133.000000 3.000000
1081.000000 327 236994.000000 3593130.000000 3.000000
1081.000000 330 236944.000000 3593126.000000 3.000000
1081.000000 331 248148.000000 3597351.000000 3.000000
1081.000000 332 248144.000000 3597251.000000 3.000000
1081.000000 333 248152.000000 3597450.000000 3.000000
1081.000000 334 248148.000000 3597301.000000 3.000000
1081.000000 335 248122.000000 3597204.000000 3.000000
1081.000000 336 248174.000000 3597397.000000 3.000000
1081.000000 337 247469.000000 3595933.000000 3.000000
1081.000000 338 247486.000000 3595834.000000 3.000000
1081.000000 339 247452.000000 3596031.000000 3.000000
1081.000000 340 247469.000000 3595883.000000 3.000000
1081.000000 341 247462.000000 3595783.000000 3.000000
1081.000000 342 247476.000000 3595982.000000 3.000000
1081.000000 343 246274.000000 3595788.000000 3.000000
1081.000000 344 246224.000000 3595783.000000 3.000000
1081.000000 345 246174.000000 3595778.000000 3.000000
1081.000000 346 257064.000000 3599889.000000 3.000000
1081.000000 347 257023.000000 3599918.000000 3.000000
1081.000000 348 256983.000000 3599947.000000 3.000000
1081.000000 349 256859.000000 3600035.000000 3.000000
1081.000000 350 256838.000000 3600048.000000 3.000000
1081.000000 351 256817.000000 3600062.000000 3.000000
1081.000000 352 256796.000000 3600076.000000 3.000000
1081.000000 353 256158.000000 3600364.000000 3.000000
1081.000000 354 256133.000000 3600367.000000 3.000000
1081.000000 355 256109.000000 3600371.000000 3.000000
1081.000000 363 256645.000000 3600176.000000 3.000000
1081.000000 364 241932.000000 3560050.000000 3.000000
1081.000000 365 256597.000000 3600189.000000 3.000000
1081.000000 366 246003.000000 3601569.000000 3.000000
1081.000000 367 246167.000000 3601454.000000 3.000000
1081.000000 368 245839.000000 3601683.000000 3.000000
1081.000000 370 247309.000000 3599646.000000 3.000000
1081.000000 371 247287.000000 3599447.000000 3.000000
1081.000000 372 247331.000000 3599844.000000 3.000000
1081.000000 374 250266.000000 3600608.000000 3.000000
1081.000000 375 250178.000000 3600655.000000 3.000000
1081.000000 376 250354.000000 3600560.000000 3.000000
1081.000000 378 244923.000000 3600431.000000 3.000000
1081.000000 379 244899.000000 3600425.000000 3.000000
1081.000000 380 238457.000000 3579183.000000 3.000000
1081.000000 381 238457.000000 3579183.000000 3.000000
1081.000000 384 244825.000000 3600410.000000 3.000000
1081.000000 385 257179.000000 3598966.000000 3.000000
1081.000000 386 257079.000000 3598963.000000 3.000000
1081.000000 387 257279.000000 3598968.000000 3.000000
1081.000000 389 253428.000000 3601942.000000 3.000000
1081.000000 390 243280.000000 3565032.000000 3.000000
1081.000000 391 253515.000000 3601892.000000 3.000000
1081.000000 393 258525.000000 3593046.000000 3.000000
1081.000000 394 258441.000000 3593100.000000 3.000000
1081.000000 395 243530.000000 3564982.000000 3.000000
1081.000000 397 254581.000000 3602423.000000 3.000000
1081.000000 398 254597.000000 3602442.000000 3.000000
1081.000000 399 254612.000000 3602461.000000 3.000000
1081.000000 400 254628.000000 3602481.000000 3.000000
1081.000000 403 254644.000000 3602500.000000 3.000000
1081.000000 404 249465.000000 3599711.000000 3.000000
1081.000000 405 249440.000000 3599709.000000 3.000000
1081.000000 406 249490.000000 3599712.000000 3.000000
1081.000000 407 249415.000000 3599708.000000 3.000000
1081.000000 408 242830.000000 3565307.000000 3.000000
1081.000000 411 249910.000000 3599200.000000 3.000000
1081.000000 412 249887.000000 3599209.000000 3.000000
1081.000000 413 249933.000000 3599190.000000 3.000000
1081.000000 414 249864.000000 3599219.000000 3.000000
1081.000000 415 249956.000000 3599180.000000 3.000000
1081.000000 418 250583.000000 3600140.000000 3.000000
1081.000000 419 250503.000000 3600199.000000 3.000000
1081.000000 420 250663.000000 3600080.000000 3.000000
1081.000000 421 250422.000000 3600258.000000 3.000000
1081.000000 422 250744.000000 3600021.000000 3.000000
1081.000000 425 250937.000000 3600590.000000 3.000000
1081.000000 426 250928.000000 3600613.000000 3.000000
1081.000000 427 250918.000000 3600636.000000 3.000000
1081.000000 428 250909.000000 3600659.000000 3.000000
1081.000000 431 250899.000000 3600682.000000 3.000000
1081.000000 432 254632.000000 3592589.000000 3.000000
1081.000000 433 254648.000000 3592608.000000 3.000000
1081.000000 434 254664.000000 3592627.000000 3.000000
1081.000000 435 254681.000000 3592646.000000 3.000000
1081.000000 436 254632.000000 3592589.000000 3.000000
1081.000000 439 254373.000000 3593022.000000 3.000000
1081.000000 440 254393.000000 3593037.000000 3.000000
1081.000000 441 254412.000000 3593052.000000 3.000000
1081.000000 442 254432.000000 3593068.000000 3.000000
1081.000000 443 254373.000000 3593022.000000 3.000000
1081.000000 446 254554.000000 3591758.000000 3.000000
1081.000000 447 254563.000000 3591781.000000 3.000000
1081.000000 448 254546.000000 3591734.000000 3.000000
1081.000000 449 254572.000000 3591804.000000 3.000000
1081.000000 450 254537.000000 3591710.000000 3.000000
1081.000000 453 256991.000000 3596970.000000 3.000000
1081.000000 454 257003.000000 3597018.000000 3.000000
1081.000000 455 257016.000000 3597066.000000 3.000000
1081.000000 456 257030.000000 3597114.000000 3.000000
1081.000000 459 257046.000000 3597162.000000 3.000000
1081.000000 460 248930.000000 3607703.000000 3.000000
1081.000000 461 248995.000000 3607626.000000 3.000000
1081.000000 462 248865.000000 3607779.000000 3.000000
1081.000000 464 244936.000000 3600372.000000 3.000000
1081.000000 465 244938.000000 3600272.000000 3.000000
1081.000000 466 244934.000000 3600471.000000 3.000000
1081.000000 468 258138.000000 3591681.000000 3.000000
1081.000000 469 257483.000000 3593712.000000 3.000000
1081.000000 470 257213.000000 3595169.000000 3.000000
1081.000000 472 236078.000000 3599939.000000 3.000000
1081.000000 473 238457.000000 3579183.000000 3.000000
1081.000000 474 236036.000000 3599911.000000 3.000000
1081.000000 475 236015.000000 3599898.000000 3.000000
1081.000000 476 235994.000000 3599884.000000 3.000000
1081.000000 477 235973.000000 3599871.000000 3.000000
1081.000000 478 239612.000000 3599565.000000 3.000000
1081.000000 479 239595.000000 3599583.000000 3.000000
1081.000000 480 239578.000000 3599601.000000 3.000000
1081.000000 481 239561.000000 3599619.000000 3.000000
1081.000000 484 242730.000000 3565382.000000 3.000000
1081.000000 485 259931.000000 3595156.000000 3.000000
1081.000000 486 259833.000000 3595134.000000 3.000000
1081.000000 487 260029.000000 3595177.000000 3.000000
1081.000000 488 260558.000000 3595545.000000 3.000000
1081.000000 489 260470.000000 3595498.000000 3.000000
1081.000000 490 243080.000000 3565307.000000 3.000000
1081.000000 491 242506.000000 3601078.000000 3.000000
1081.000000 492 242780.000000 3565082.000000 3.000000
1081.000000 493 242520.000000 3601176.000000 3.000000
1081.000000 494 242595.000000 3601543.000000 3.000000
1081.000000 495 242616.000000 3601445.000000 3.000000
1081.000000 496 242574.000000 3601640.000000 3.000000
1081.000000 497 242209.000000 3565991.000000 3.000000
1081.000000 498 238457.000000 3579183.000000 3.000000
1081.000000 499 246978.000000 3600182.000000 3.000000
1081.000000 500 239437.000000 3600844.000000 3.000000
1081.000000 501 239417.000000 3600859.000000 3.000000
1081.000000 502 239398.000000 3600875.000000 3.000000
1081.000000 503 239227.000000 3600637.000000 3.000000
1081.000000 504 239207.000000 3600651.000000 3.000000
1081.000000 505 239187.000000 3600666.000000 3.000000
1081.000000 506 239167.000000 3600681.000000 3.000000
1081.000000 507 239353.000000 3600730.000000 3.000000
1081.000000 508 238457.000000 3579183.000000 3.000000
1081.000000 509 239311.000000 3600757.000000 3.000000
1081.000000 517 239606.000000 3601062.000000 3.000000
1081.000000 518 239591.000000 3601081.000000 3.000000
1081.000000 519 239576.000000 3601101.000000 3.000000
1081.000000 520 234800.000000 3586863.000000 3.000000
1081.000000 521 234800.000000 3586838.000000 3.000000
1081.000000 522 235100.000000 3586863.000000 3.000000
1081.000000 523 235100.000000 3586838.000000 3.000000
1081.000000 524 234500.000000 3586863.000000 3.000000
1081.000000 525 234500.000000 3586838.000000 3.000000
1081.000000 526 235700.000000 3586863.000000 3.000000
1081.000000 527 235700.000000 3586838.000000 3.000000
1081.000000 528 236000.000000 3586863.000000 3.000000
1081.000000 529 236000.000000 3586838.000000 3.000000
1081.000000 530 235400.000000 3586863.000000 3.000000
1081.000000 531 235400.000000 3586838.000000 3.000000
1081.000000 532 258309.000000 3593668.000000 3.000000
1081.000000 533 248225.000000 3599930.000000 3.000000
1081.000000 534 243788.000000 3567513.000000 3.000000
1081.000000 535 255368.000000 3597501.000000 3.000000
1081.000000 536 243788.000000 3567513.000000 3.000000
1081.000000 537 241515.000000 3586572.000000 3.000000
1081.000000 538 242922.000000 3586995.000000 3.000000
1081.000000 539 234458.000000 3585400.000000 3.000000
1081.000000 540 234458.000000 3585350.000000 3.000000
1081.000000 541 234458.000000 3585300.000000 3.000000
1081.000000 542 234458.000000 3585250.000000 3.000000
1081.000000 543 234458.000000 3585200.000000 3.000000
1081.000000 544 234458.000000 3585150.000000 3.000000
1081.000000 545 234458.000000 3585400.000000 3.000000
1081.000000 546 234458.000000 3585350.000000 3.000000
1081.000000 547 234458.000000 3585300.000000 3.000000
1081.000000 548 234458.000000 3585250.000000 3.000000
1081.000000 549 234458.000000 3585200.000000 3.000000
1081.000000 550 234458.000000 3585400.000000 3.000000
1081.000000 551 234412.000000 3585418.000000 3.000000
1081.000000 552 234365.000000 3585437.000000 3.000000
1081.000000 553 234319.000000 3585456.000000 3.000000
1081.000000 554 234272.000000 3585474.000000 3.000000
1081.000000 555 234226.000000 3585492.000000 3.000000
1081.000000 556 234458.000000 3585400.000000 3.000000
1081.000000 557 234458.000000 3585350.000000 3.000000
1081.000000 558 234459.000000 3585300.000000 3.000000
1081.000000 559 234460.000000 3585250.000000 3.000000
1081.000000 560 234462.000000 3585200.000000 3.000000
1081.000000 561 234458.000000 3585350.000000 3.000000
1081.000000 562 234458.000000 3585300.000000 3.000000
1081.000000 563 234458.000000 3585250.000000 3.000000
1081.000000 564 234458.000000 3585200.000000 3.000000
1081.000000 565 234458.000000 3585150.000000 3.000000
1081.000000 566 234458.000000 3585400.000000 3.000000
1081.000000 567 243565.000000 3566995.000000 3.000000
1081.000000 568 234388.000000 3585328.000000 3.000000
1081.000000 569 234308.000000 3585398.000000 3.000000
1081.000000 570 234463.000000 3585443.000000 3.000000
1081.000000 572 243565.000000 3567210.000000 3.000000
1081.000000 574 243565.000000 3567185.000000 3.000000
1081.000000 575 234307.000000 3586545.000000 3.000000
1081.000000 576 234307.000000 3586520.000000 3.000000
1081.000000 577 234307.000000 3586495.000000 3.000000
1081.000000 578 234307.000000 3586470.000000 3.000000
1081.000000 579 234307.000000 3586445.000000 3.000000
1081.000000 580 234307.000000 3586420.000000 3.000000
1081.000000 581 234307.000000 3586395.000000 3.000000
1081.000000 582 234307.000000 3586370.000000 3.000000
1081.000000 583 234307.000000 3586345.000000 3.000000
1081.000000 584 234615.000000 3586545.000000 3.000000
1081.000000 585 234615.000000 3586520.000000 3.000000
1081.000000 586 234615.000000 3586495.000000 3.000000
1081.000000 587 234615.000000 3586470.000000 3.000000
1081.000000 588 234922.000000 3586545.000000 3.000000
1081.000000 589 234922.000000 3586520.000000 3.000000
1081.000000 590 234922.000000 3586495.000000 3.000000
1081.000000 591 234922.000000 3586470.000000 3.000000
1081.000000 592 234922.000000 3586445.000000 3.000000
1081.000000 593 234922.000000 3586420.000000 3.000000
1081.000000 594 235229.000000 3586545.000000 3.000000
1081.000000 595 235536.000000 3586545.000000 3.000000
1081.000000 596 235536.000000 3586320.000000 3.000000
1081.000000 597 235536.000000 3586295.000000 3.000000
1081.000000 598 235536.000000 3586520.000000 3.000000
1081.000000 599 235536.000000 3586495.000000 3.000000
1081.000000 600 235536.000000 3586470.000000 3.000000
1081.000000 601 235536.000000 3586445.000000 3.000000
1081.000000 602 235536.000000 3586420.000000 3.000000
1081.000000 603 235536.000000 3586395.000000 3.000000
1081.000000 604 235536.000000 3586370.000000 3.000000
1081.000000 605 235536.000000 3586345.000000 3.000000
1081.000000 606 235843.000000 3586545.000000 3.000000
1081.000000 607 235843.000000 3586520.000000 3.000000
1081.000000 608 235843.000000 3586495.000000 3.000000
1081.000000 609 235843.000000 3586470.000000 3.000000
1081.000000 610 234307.000000 3586000.000000 3.000000
1081.000000 611 234615.000000 3586000.000000 3.000000
1081.000000 612 234615.000000 3585975.000000 3.000000
1081.000000 613 234615.000000 3585950.000000 3.000000
1081.000000 614 234615.000000 3585925.000000 3.000000
1081.000000 615 234615.000000 3585900.000000 3.000000
1081.000000 616 234922.000000 3586000.000000 3.000000
1081.000000 617 234922.000000 3585975.000000 3.000000
1081.000000 618 234922.000000 3585950.000000 3.000000
1081.000000 619 234922.000000 3585925.000000 3.000000
1081.000000 620 235229.000000 3586000.000000 3.000000
1081.000000 621 235229.000000 3585975.000000 3.000000
1081.000000 622 235229.000000 3585950.000000 3.000000
1081.000000 623 235229.000000 3585925.000000 3.000000
1081.000000 624 235536.000000 3586000.000000 3.000000
1081.000000 625 235536.000000 3585975.000000 3.000000
1081.000000 626 235536.000000 3585950.000000 3.000000
1081.000000 627 235536.000000 3585925.000000 3.000000
1081.000000 629 235843.000000 3586000.000000 3.000000
1081.000000 630 235843.000000 3585950.000000 3.000000
1081.000000 631 235843.000000 3585925.000000 3.000000
1081.000000 632 235843.000000 3585900.000000 3.000000
1081.000000 633 233124.000000 3585341.000000 3.000000
1081.000000 634 233133.000000 3585317.000000 3.000000
1081.000000 635 233143.000000 3585294.000000 3.000000
1081.000000 636 233387.000000 3585341.000000 3.000000
1081.000000 637 233386.000000 3585316.000000 3.000000
1081.000000 638 233385.000000 3585291.000000 3.000000
1081.000000 639 233384.000000 3585266.000000 3.000000
1081.000000 640 233383.000000 3585241.000000 3.000000
1081.000000 641 233382.000000 3585216.000000 3.000000
1081.000000 642 233589.000000 3585341.000000 3.000000
1081.000000 643 233580.000000 3585317.000000 3.000000
1081.000000 644 233124.000000 3584753.000000 3.000000
1081.000000 645 233149.000000 3584752.000000 3.000000
1081.000000 646 233174.000000 3584751.000000 3.000000
1081.000000 647 233199.000000 3584750.000000 3.000000
1081.000000 648 233589.000000 3584753.000000 3.000000
1081.000000 649 233564.000000 3584752.000000 3.000000
1081.000000 650 236367.000000 3590358.000000 3.000000
1081.000000 651 236387.000000 3590259.000000 3.000000
1081.000000 652 236347.000000 3590456.000000 3.000000
1081.000000 653 236367.000000 3590258.000000 3.000000
1081.000000 654 236380.000000 3590158.000000 3.000000
1081.000000 655 242061.000000 3564832.000000 3.000000
1081.000000 668 234804.000000 3590046.000000 3.000000
1081.000000 669 242111.000000 3564857.000000 3.000000
1081.000000 670 234750.000000 3590130.000000 3.000000
1081.000000 671 234911.000000 3589877.000000 3.000000
1081.000000 672 234697.000000 3590214.000000 3.000000
1081.000000 673 234965.000000 3589792.000000 3.000000
1081.000000 674 234643.000000 3590299.000000 3.000000
1081.000000 675 234804.000000 3590046.000000 3.000000
1081.000000 676 234858.000000 3589961.000000 3.000000
1081.000000 677 234750.000000 3590130.000000 3.000000
1081.000000 678 234911.000000 3589877.000000 3.000000
1081.000000 679 234697.000000 3590214.000000 3.000000
1081.000000 680 234965.000000 3589792.000000 3.000000
1081.000000 681 234643.000000 3590299.000000 3.000000
1081.000000 682 236367.000000 3590158.000000 3.000000
1081.000000 683 236369.000000 3590133.000000 3.000000
1081.000000 684 236365.000000 3590182.000000 3.000000
1081.000000 685 236092.000000 3592886.000000 3.000000
1081.000000 686 236092.000000 3592786.000000 3.000000
1081.000000 687 236092.000000 3592986.000000 3.000000
1081.000000 688 241348.000000 3596240.000000 3.000000
1081.000000 689 241386.000000 3596147.000000 3.000000
1081.000000 690 241310.000000 3596332.000000 3.000000
1081.000000 703 235069.000000 3592886.000000 3.000000
1081.000000 704 235089.000000 3592788.000000 3.000000
1081.000000 705 235049.000000 3592983.000000 3.000000
1081.000000 706 235110.000000 3592690.000000 3.000000
1081.000000 707 235028.000000 3593081.000000 3.000000
1081.000000 708 235130.000000 3592592.000000 3.000000
1081.000000 709 235008.000000 3593179.000000 3.000000
1081.000000 710 240895.000000 3595813.000000 3.000000
1081.000000 711 240989.000000 3595779.000000 3.000000
1081.000000 712 240801.000000 3595846.000000 3.000000
1081.000000 713 241083.000000 3595745.000000 3.000000
1081.000000 714 240707.000000 3595880.000000 3.000000
1081.000000 715 241177.000000 3595711.000000 3.000000
1081.000000 716 240613.000000 3595914.000000 3.000000
1081.000000 717 240538.000000 3594332.000000 3.000000
1081.000000 718 240513.000000 3594336.000000 3.000000
1081.000000 719 240489.000000 3594340.000000 3.000000
1081.000000 720 238526.000000 3601113.000000 3.000000
1081.000000 721 238478.000000 3601025.000000 3.000000
1081.000000 722 238574.000000 3601200.000000 3.000000
1081.000000 723 238296.000000 3601220.000000 3.000000
1081.000000 724 238457.000000 3579183.000000 3.000000
1081.000000 725 238345.000000 3601307.000000 3.000000
1081.000000 738 237920.000000 3600595.000000 3.000000
1081.000000 739 237855.000000 3600519.000000 3.000000
1081.000000 740 242930.000000 3564882.000000 3.000000
1081.000000 741 237789.000000 3600443.000000 3.000000
1081.000000 742 238051.000000 3600746.000000 3.000000
1081.000000 743 237724.000000 3600367.000000 3.000000
1081.000000 744 238116.000000 3600822.000000 3.000000
1081.000000 745 242930.000000 3564732.000000 3.000000
1081.000000 746 238457.000000 3579183.000000 3.000000
1081.000000 747 237738.000000 3600522.000000 3.000000
1081.000000 748 237528.000000 3600308.000000 3.000000
1081.000000 749 237808.000000 3600593.000000 3.000000
1081.000000 750 237458.000000 3600236.000000 3.000000
1081.000000 751 237878.000000 3600665.000000 3.000000
1081.000000 752 237963.000000 3601414.000000 3.000000
1081.000000 753 237950.000000 3601392.000000 3.000000
1081.000000 754 237937.000000 3601371.000000 3.000000
1081.000000 755 232675.000000 3587805.000000 3.000000
1081.000000 756 232675.000000 3587755.000000 3.000000
1081.000000 757 232675.000000 3587705.000000 3.000000
1081.000000 758 232675.000000 3587655.000000 3.000000
1081.000000 759 233413.000000 3587805.000000 3.000000
1081.000000 760 233413.000000 3587755.000000 3.000000
1081.000000 761 233413.000000 3587705.000000 3.000000
1081.000000 762 233413.000000 3587655.000000 3.000000
1081.000000 763 233413.000000 3587605.000000 3.000000
1081.000000 776 233044.000000 3587434.000000 3.000000
1081.000000 777 233138.000000 3587399.000000 3.000000
1081.000000 778 232950.000000 3587468.000000 3.000000
1081.000000 779 233232.000000 3587365.000000 3.000000
1081.000000 780 235036.000000 3583103.000000 3.000000
1081.000000 781 235130.000000 3583068.000000 3.000000
1081.000000 782 234942.000000 3583137.000000 3.000000
1081.000000 783 235224.000000 3583034.000000 3.000000
1081.000000 784 235351.000000 3580727.000000 3.000000
1081.000000 785 235445.000000 3580692.000000 3.000000
1081.000000 786 235257.000000 3580761.000000 3.000000
1081.000000 787 235539.000000 3580658.000000 3.000000
1081.000000 788 235539.000000 3580658.000000 3.000000
1081.000000 789 233413.000000 3587434.000000 3.000000
1081.000000 790 233413.000000 3587409.000000 3.000000
1081.000000 791 233413.000000 3587063.000000 3.000000
1081.000000 792 233413.000000 3587038.000000 3.000000
1081.000000 793 233413.000000 3586692.000000 3.000000
1081.000000 794 233413.000000 3586667.000000 3.000000
1081.000000 795 232306.000000 3587434.000000 3.000000
1081.000000 796 232306.000000 3587409.000000 3.000000
1081.000000 797 232306.000000 3587384.000000 3.000000
1081.000000 798 232306.000000 3587359.000000 3.000000
1081.000000 799 236367.000000 3590108.000000 3.000000
1081.000000 800 240099.000000 3594412.000000 3.000000
1081.000000 801 237558.000000 3600950.000000 3.000000
1081.000000 802 232675.000000 3587434.000000 3.000000
1081.000000 803 233044.000000 3587063.000000 3.000000
1081.000000 806 233044.000000 3587805.000000 3.000000
1081.000000 807 233044.000000 3587780.000000 3.000000
1081.000000 809 233184.000000 3590253.000000 3.000000
1081.000000 810 233134.000000 3590253.000000 3.000000
1081.000000 811 233084.000000 3590253.000000 3.000000
1081.000000 812 233184.000000 3590153.000000 3.000000
1081.000000 813 233134.000000 3590153.000000 3.000000
1081.000000 814 233084.000000 3590153.000000 3.000000
1081.000000 815 233184.000000 3590053.000000 3.000000
1081.000000 816 233134.000000 3590053.000000 3.000000
1081.000000 817 233084.000000 3590053.000000 3.000000
1081.000000 818 233034.000000 3590053.000000 3.000000
1081.000000 819 232984.000000 3590053.000000 3.000000
1081.000000 820 232934.000000 3590053.000000 3.000000
1081.000000 821 233184.000000 3589953.000000 3.000000
1081.000000 822 233134.000000 3589953.000000 3.000000
1081.000000 823 233084.000000 3589953.000000 3.000000
1081.000000 824 233034.000000 3589953.000000 3.000000
1081.000000 825 232984.000000 3589953.000000 3.000000
1081.000000 826 232934.000000 3589953.000000 3.000000
1081.000000 827 232884.000000 3589953.000000 3.000000
1081.000000 828 232834.000000 3589953.000000 3.000000
1081.000000 829 233330.000000 3589600.000000 3.000000
1081.000000 830 233280.000000 3589600.000000 3.000000
1081.000000 831 233230.000000 3589600.000000 3.000000
1081.000000 832 233330.000000 3589500.000000 3.000000
1081.000000 833 233330.000000 3589400.000000 3.000000
1081.000000 834 233280.000000 3589400.000000 3.000000
1081.000000 835 233230.000000 3589400.000000 3.000000
1081.000000 836 233330.000000 3589300.000000 3.000000
1081.000000 837 233280.000000 3589300.000000 3.000000
1081.000000 838 233230.000000 3589300.000000 3.000000
1081.000000 839 233180.000000 3589300.000000 3.000000
1081.000000 840 233130.000000 3589300.000000 3.000000
1081.000000 841 233080.000000 3589300.000000 3.000000
1081.000000 842 233030.000000 3589300.000000 3.000000
1081.000000 843 233330.000000 3589200.000000 3.000000
1081.000000 844 233280.000000 3589200.000000 3.000000
1081.000000 845 233230.000000 3589200.000000 3.000000
1081.000000 846 233330.000000 3589100.000000 3.000000
1081.000000 847 233280.000000 3589100.000000 3.000000
1081.000000 848 233330.000000 3589000.000000 3.000000
1081.000000 849 233330.000000 3588900.000000 3.000000
1081.000000 850 233280.000000 3588900.000000 3.000000
1081.000000 851 233230.000000 3588900.000000 3.000000
1081.000000 852 233180.000000 3588900.000000 3.000000
1081.000000 853 233330.000000 3588800.000000 3.000000
1081.000000 854 233280.000000 3588800.000000 3.000000
1081.000000 855 233230.000000 3588800.000000 3.000000
1081.000000 856 233180.000000 3588800.000000 3.000000
1081.000000 863 234047.000000 3590553.000000 3.000000
1081.000000 864 233997.000000 3590553.000000 3.000000
1081.000000 865 233947.000000 3590553.000000 3.000000
1081.000000 866 234047.000000 3590353.000000 3.000000
1081.000000 867 233997.000000 3590353.000000 3.000000
1081.000000 868 233947.000000 3590353.000000 3.000000
1081.000000 869 233897.000000 3590353.000000 3.000000
1081.000000 870 233847.000000 3590353.000000 3.000000
1081.000000 871 234047.000000 3590253.000000 3.000000
1081.000000 872 233997.000000 3590253.000000 3.000000
1081.000000 873 233947.000000 3590253.000000 3.000000
1081.000000 875 233897.000000 3590253.000000 3.000000
1081.000000 894 234047.000000 3589853.000000 3.000000
1081.000000 895 233997.000000 3589853.000000 3.000000
1081.000000 896 233947.000000 3589853.000000 3.000000
1081.000000 897 233897.000000 3589853.000000 3.000000
1081.000000 910 233330.000000 3590897.000000 3.000000
1081.000000 911 233305.000000 3590897.000000 3.000000
1081.000000 912 233280.000000 3590897.000000 3.000000
1081.000000 913 233330.000000 3590797.000000 3.000000
1081.000000 914 233280.000000 3590797.000000 3.000000
1081.000000 915 235767.000000 3589708.000000 3.000000
1081.000000 916 235742.000000 3589706.000000 3.000000
1081.000000 917 242211.000000 3564782.000000 3.000000
1081.000000 918 235692.000000 3589704.000000 3.000000
1081.000000 919 242211.000000 3564682.000000 3.000000
1081.000000 920 235642.000000 3589702.000000 3.000000
1081.000000 921 235617.000000 3589701.000000 3.000000
1081.000000 922 235592.000000 3589700.000000 3.000000
1081.000000 923 257064.000000 3599889.000000 3.000000
1081.000000 924 257044.000000 3599903.000000 3.000000
1081.000000 925 257023.000000 3599918.000000 3.000000
1081.000000 926 257003.000000 3599932.000000 3.000000
1081.000000 927 256983.000000 3599947.000000 3.000000
1081.000000 928 256962.000000 3599961.000000 3.000000
1081.000000 929 256942.000000 3599976.000000 3.000000
1081.000000 930 256921.000000 3599990.000000 3.000000
1081.000000 931 238869.000000 3601300.000000 3.000000
1081.000000 932 238457.000000 3579183.000000 3.000000
1081.000000 933 238834.000000 3601335.000000 3.000000
1081.000000 934 238817.000000 3601353.000000 3.000000
1081.000000 935 238800.000000 3601371.000000 3.000000
1081.000000 936 238782.000000 3601389.000000 3.000000
1081.000000 937 238765.000000 3601407.000000 3.000000
1081.000000 938 238747.000000 3601425.000000 3.000000
1081.000000 939 233330.000000 3590697.000000 3.000000
1081.000000 940 233330.000000 3590597.000000 3.000000
1081.000000 941 233240.000000 3590597.000000 3.000000
1081.000000 942 233230.000000 3590597.000000 3.000000
1081.000000 943 233220.000000 3590597.000000 3.000000
1081.000000 944 233320.000000 3590597.000000 3.000000
1081.000000 945 233310.000000 3590597.000000 3.000000
1081.000000 946 233300.000000 3590597.000000 3.000000
1081.000000 947 233290.000000 3590597.000000 3.000000
1081.000000 948 233280.000000 3590597.000000 3.000000
1081.000000 949 233270.000000 3590597.000000 3.000000
1081.000000 952 233330.000000 3590497.000000 3.000000
1081.000000 953 233240.000000 3590497.000000 3.000000
1081.000000 954 233230.000000 3590497.000000 3.000000
1081.000000 955 233220.000000 3590497.000000 3.000000
1081.000000 956 233320.000000 3590497.000000 3.000000
1081.000000 958 233300.000000 3590497.000000 3.000000
1081.000000 959 233290.000000 3590497.000000 3.000000
1081.000000 960 233280.000000 3590497.000000 3.000000
1081.000000 961 233270.000000 3590497.000000 3.000000
1081.000000 963 233250.000000 3590497.000000 3.000000
1081.000000 964 233330.000000 3590397.000000 3.000000
